3.409
3.413
3.418
3.422
3.426
3.430
3.434
3.438
3.442
3.447
3.451
3.455
3.459
3.463
3.467
3.471
3.476
3.480
3.484
3.488
3.492
3.496
3.500
3.505
3.509
3.513
3.517
3.521
3.525
3.530
3.534
3.538
3.542
3.546
3.550
3.554
3.559
3.563
3.567
3.571
3.575
3.579
3.583
3.588
3.592
3.596
3.600
3.604
3.608
3.612
3.617
3.621
3.625
3.629
3.633
3.637
3.641
3.646
3.650
3.654
3.658
3.662
3.666
3.671
3.675
3.679
3.683
3.687
3.691
3.695
3.700
3.704
3.708
3.712
3.716
3.720
3.724
3.729
3.733
3.737
3.741
3.745
3.749
3.753
3.758
3.762
3.766
3.770
3.774
3.778
3.783
3.787
3.791
3.795
3.799
3.803
3.807
3.812
3.816
3.820
3.824
3.828
3.832
3.836
3.841
3.845
3.849
3.853
3.857
3.861
3.865
3.870
3.874
3.878
3.882
3.886
3.890
3.894
3.899
3.903
3.907
3.911
3.915
3.919
3.924
3.928
3.932
3.936
3.940
3.944
3.948
3.953
3.957
3.961
3.965
3.969
3.973
3.977
3.982
3.986
3.990
3.994
3.998
4.002
4.006
4.011
4.015
4.019
4.023
4.027
4.031
4.036
4.040
4.044
4.048
4.052
4.056
4.060
4.065
4.069
4.073
4.077
4.081
4.085
4.089
4.094
4.098
4.102
4.106
4.110
4.114
4.118
4.123
4.127
4.131
4.135
4.139
4.143
4.148
4.152
4.156
4.160
4.164
4.168
4.172
4.177
4.181
4.185
4.189
4.193
4.197
4.201
4.206
4.210
4.214
4.218
4.222
4.226
4.231
4.235
4.239
4.243
4.247
4.251
4.255
4.260
4.264
4.268
4.272
4.276
4.280
4.284
4.289
4.293
4.297
4.301
4.305
4.309
4.313
4.318
4.322
4.326
4.330
4.334
4.338
4.343
4.347
4.351
4.355
4.359
4.363
4.367
4.372
4.376
4.380
4.384
4.388
4.392
4.396
4.401
4.405
4.409
4.413
4.417
4.421
4.426
4.430
4.434
4.438
4.442
4.446
4.450
4.455
4.459
4.463
4.467
4.471
4.475
4.479
4.484
4.488
4.492
4.496
4.500
4.504
4.509
4.513
4.517
4.521
4.525
4.529
4.533
4.538
4.542
4.546
4.550
4.554
4.558
4.562
4.567
4.571
4.575
4.579
4.583
4.587
4.591
4.596
4.600
4.604
4.608
4.612
4.616
4.621
4.625
4.629
4.633
4.637
4.641
4.645
4.650
4.654
4.658
4.662
4.666
4.670
4.674
4.679
4.683
4.687
4.691
4.695
4.699
4.704
4.708
4.712
4.716
4.720
4.724
4.728
4.733
4.737
4.741
4.745
4.749
4.753
4.757
4.762
4.766
4.770
4.774
4.778
4.782
4.787
4.791
4.795
4.799
4.803
4.807
4.811
4.816
4.820
4.824
4.828
4.832
4.836
4.841
4.845
4.849
4.853
4.857
4.861
4.865
4.870
4.874
4.878
4.882
4.886
4.890
4.894
4.899
4.903
4.907
4.911
4.915
4.919
4.924
4.928
4.932
4.936
4.940
4.944
4.948
4.953
4.957
4.961
4.965
4.969
4.973
4.977
4.982
4.986
4.990
4.994
4.998
5.002
5.007
5.011
5.015
5.019
5.023
5.027
5.031
5.036
5.040
5.044
5.048
5.052
5.056
5.060
5.065
5.069
5.073
5.077
5.081
5.085
5.090
5.094
5.098
5.102
5.106
5.110
5.114
5.119
5.123
5.127
5.131
5.135
5.139
5.144
5.148
5.152
5.156
5.160
5.164
5.168
5.173
5.177
5.181
5.185
5.189
5.193
5.197
5.202
5.206
5.210
5.214
5.218
5.222
5.227
5.231
5.235
5.239
5.243
5.247
5.251
5.256
5.260
5.264
5.268
5.272
5.276
5.281
5.285
5.289
5.293
5.297
5.301
5.305
5.310
5.314
5.318
5.322
5.326
5.330
5.334
5.339
5.343
5.347
5.351
5.355
5.359
5.364
5.368
5.372
5.376
5.380
5.384
5.388
5.393
5.397
5.401
5.405
5.409
5.413
5.418
5.422
5.426
5.430
5.434
5.438
5.442
5.447
5.451
5.455
5.459
5.463
5.467
5.472
5.476
5.480
5.484
5.488
5.492
5.496
5.501
5.505
5.509
5.513
5.517
5.521
5.525
5.530
5.534
5.538
5.542
5.546
5.550
5.555
5.559
5.563
5.567
5.571
5.575
5.579
5.584
5.588
5.592
5.596
5.600
5.604
5.609
5.613
5.617
5.621
5.625
5.629
5.633
5.638
5.642
5.646
5.650
5.654
5.658
5.663
5.667
5.671
5.675
5.679
5.683
5.687
5.692
5.696
5.700
5.704
5.708
5.712
5.716
5.721
5.725
5.729
5.733
5.737
5.741
5.746
5.750
5.754
5.758
5.762
5.766
5.770
5.775
5.779
5.783
5.787
5.791
5.795
5.800
5.804
5.808
5.812
5.816
5.820
5.824
5.829
5.833
5.837
5.841
5.845
5.849
5.854
5.858
5.862
5.866
5.870
5.874
5.878
5.883
5.887
5.891
5.895
5.899
5.903
5.908
5.912
5.916
5.920
5.924
5.928
5.932
5.937
5.941
5.945
5.949
5.953
5.957
5.962
5.966
5.970
5.974
5.978
5.982
5.986
5.991
5.995
5.999
6.003
6.007
6.011
6.016
6.020
6.024
6.028
6.032
6.036
6.040
6.045
6.049
6.053
6.057
6.061
6.065
6.070
6.074
6.078
6.082
6.086
6.090
6.094
6.099
6.103
6.107
6.111
6.115
6.119
6.124
6.128
6.132
6.136
6.140
6.144
6.148
6.153
6.157
6.161
6.165
6.169
6.173
6.178
6.182
6.186
6.190
6.194
6.198
6.202
6.207
6.211
6.215
6.219
6.223
6.227
6.232
6.236
6.240
6.244
6.248
6.252
6.256
6.261
6.265
6.269
6.273
6.277
6.281
6.286
6.290
6.294
6.298
6.302
6.306
6.310
6.315
6.319
6.323
6.327
6.331
6.335
6.340
6.344
6.348
6.352
6.356
6.360
6.364
6.369
6.373
6.377
6.381
6.385
6.389
6.394
6.398
6.402
6.406
6.410
6.414
6.418
6.423
6.427
6.431
6.435
6.439
6.443
6.448
6.452
6.456
6.460
6.464
6.468
6.472
6.477
6.481
6.485
6.489
6.493
6.497
6.502
6.506
6.510
6.514
6.518
6.522
6.526
6.531
6.535
6.539
6.543
6.547
6.551
6.556
6.560
6.564
6.568
6.572
6.576
6.580
6.585
6.589
6.593
6.597
6.601
6.605
6.610
6.614
6.618
6.622
6.626
6.630
6.635
6.639
6.643
6.647
6.651
6.655
6.659
6.664
6.668
6.672
6.676
6.680
6.684
6.689
6.693
6.697
6.701
6.705
6.709
6.713
6.718
6.722
6.726
6.730
6.734
6.738
6.743
6.747
6.751
6.755
6.759
6.763
6.767
6.772
6.776
6.780
6.784
6.788
6.792
6.797
6.801
6.805
6.809
6.813
6.817
6.821
6.826
6.830
6.834
6.838
6.842
6.846
6.851
6.855
6.859
6.863
6.867
6.871
6.876
6.880
6.884
6.888
6.892
6.896
6.900
6.905
6.909
6.913
6.917
6.921
6.925
6.930
6.934
6.938
6.942
6.946
6.950
6.954
6.959
6.963
6.967
6.971
6.975
6.979
6.984
6.988
6.992
6.996
7.000
7.004
7.008
7.013
7.017
7.021
7.025
7.029
7.033
7.038
7.042
7.046
7.050
7.054
7.058
7.063
7.067
7.071
7.075
7.079
7.083
7.087
7.092
7.096
7.100
7.104
7.108
7.112
7.117
7.121
7.125
7.129
7.133
7.137
7.141
7.146
7.150
7.154
7.158
7.162
7.166
7.171
7.175
7.179
7.183
7.187
7.191
7.196
7.200
7.204
7.208
7.212
7.216
7.220
7.225
7.229
7.233
7.237
7.241
7.245
7.250
7.254
7.258
7.262
7.266
7.270
7.274
7.279
7.283
7.287
7.291
7.295
7.299
7.304
7.308
7.312
7.316
7.320
7.324
7.329
7.333
7.337
7.341
7.345
7.349
7.353
7.358
7.362
7.366
7.370
7.374
7.378
7.383
7.387
7.391
7.395
7.399
7.403
7.408
7.412
7.416
7.420
7.424
7.428
7.432
7.437
7.441
7.445
7.449
7.453
7.457
7.462
7.466
7.470
7.474
7.478
7.482
7.486
7.491
7.495
7.499
7.503
7.507
7.511
7.516
7.520
7.524
7.528
7.532
7.536
7.541
7.545
7.549
7.553
7.557
7.561
7.565
7.570
7.574
7.578
7.582
7.586
7.590
7.595
7.599
7.603
7.607
7.611
7.615
7.620
7.624
7.628
7.632
7.636
7.640
7.644
7.649
7.653
7.657
7.661
7.665
7.669
7.674
7.678
7.682
7.686
7.690
7.694
7.699
7.703
7.707
7.711
7.715
7.719
7.723
7.728
7.732
7.736
7.740
7.744
7.748
7.753
7.757
7.761
7.765
7.769
7.773
7.778
7.782
7.786
7.790
7.794
7.798
7.802
7.807
7.811
7.815
7.819
7.823
7.827
7.832
7.836
7.840
7.844
7.848
7.852
7.857
7.861
7.865
7.869
7.873
7.877
7.881
7.886
7.890
7.894
7.898
7.902
7.906
7.911
7.915
7.919
7.923
7.927
7.931
7.936
7.940
7.944
7.948
7.952
7.956
7.960
7.965
7.969
7.973
7.977
7.981
7.985
7.990
7.994
7.998
8.002
8.006
8.010
8.015
8.019
8.023
8.027
8.031
8.035
8.039
8.044
8.048
8.052
8.056
8.060
8.064
8.069
8.073
8.077
8.081
8.085
8.089
8.094
8.098
8.102
8.106
8.110
8.114
8.118
8.123
8.127
8.131
8.135
8.139
8.143
8.148
8.152
8.156
8.160
8.164
8.168
8.173
8.177
8.181
8.185
8.189
8.193
8.197
8.202
8.206
8.210
8.214
8.218
8.222
8.227
8.231
8.235
8.239
8.243
8.247
8.252
8.256
8.260
8.264
8.268
8.272
8.276
8.281
8.285
8.289
8.293
8.297
8.301
8.306
8.310
8.314
8.318
8.322
8.326
8.331
8.335
8.339
8.343
8.347
8.351
8.356
8.360
8.364
8.368
8.372
8.376
8.380
8.385
8.389
8.393
8.397
8.401
8.405
8.410
8.414
8.418
8.422
8.426
8.430
8.435
8.439
8.443
8.447
8.451
8.455
8.459
8.464
8.468
8.472
8.476
8.480
8.484
8.489
8.493
8.497
8.501
8.505
8.509
8.514
8.518
8.522
8.526
8.530
8.534
8.539
8.543
8.547
8.551
8.555
8.559
8.563
8.568
8.572
8.576
8.580
8.584
8.588
8.593
8.597
8.601
8.605
8.609
8.613
8.618
8.622
8.626
8.630
8.634
8.638
8.643
8.647
8.651
8.655
8.659
8.663
8.667
8.672
8.676
8.680
8.684
8.688
8.692
8.697
8.701
8.705
8.709
8.713
8.717
8.722
8.726
8.730
8.734
8.738
8.742
8.747
8.751
8.755
8.759
8.763
8.767
8.771
8.776
8.780
8.784
8.788
8.792
8.796
8.801
8.805
8.809
8.813
8.817
8.821
8.826
8.830
8.834
8.838
8.842
8.846
8.851
8.855
8.859
8.863
8.867
8.871
8.875
8.880
8.884
8.888
8.892
8.896
8.900
8.905
8.909
8.913
8.917
8.921
8.925
8.930
8.934
8.938
8.942
8.946
8.950
8.955
8.959
8.963
8.967
8.971
8.975
8.979
8.984
8.988
8.992
8.996
9.000
9.004
9.009
9.013
9.017
9.021
9.025
9.029
9.034
9.038
9.042
9.046
9.050
9.054
9.059
9.063
9.067
9.071
9.075
9.079
9.083
9.088
9.092
9.096
9.100
9.104
9.108
9.113
9.117
9.121
9.125
9.129
9.133
9.138
9.142
9.146
9.150
9.154
9.158
9.163
9.167
9.171
9.175
9.179
9.183
9.187
9.192
9.196
9.200
9.204
9.208
9.212
9.217
9.221
9.225
9.229
9.233
9.237
9.242
9.246
9.250
9.254
9.258
9.262
9.267
9.271
9.275
9.279
9.283
9.287
9.292
9.296
9.300
9.304
9.308
9.312
9.316
9.321
9.325
9.329
9.333
9.337
9.341
9.346
9.350
9.354
9.358
9.362
9.366
9.371
9.375
9.379
9.383
9.387
9.391
9.396
9.400
9.404
9.408
9.412
9.416
9.421
9.425
9.429
9.433
9.437
9.441
9.445
9.450
9.454
9.458
9.462
9.466
9.470
9.475
9.479
9.483
9.487
9.491
9.495
9.500
9.504
9.508
9.512
9.516
9.520
9.525
9.529
9.533
9.537
9.541
9.545
9.550
9.554
9.558
9.562
9.566
9.570
9.574
9.579
9.583
9.587
9.591
9.595
9.599
9.604
9.608
9.612
9.616
9.620
9.624
9.629
9.633
9.637
9.641
9.645
9.649
9.654
9.658
9.662
9.666
9.670
9.674
9.679
9.683
9.687
9.691
9.695
9.699
9.704
9.708
9.712
9.716
9.720
9.724
9.728
9.733
9.737
9.741
9.745
9.749
9.753
9.758
9.762
9.766
9.770
9.774
9.778
9.783
9.787
9.791
9.795
9.799
9.803
9.808
9.812
9.816
9.820
9.824
9.828
9.833
9.837
9.841
9.845
9.849
9.853
9.858
9.862
9.866
9.870
9.874
9.878
9.882
9.887
9.891
9.895
9.899
9.903
9.907
9.912
9.916
9.920
9.924
9.928
9.932
9.937
9.941
9.945
9.949
9.953
9.957
9.962
9.966
9.970
9.974
9.978
9.982
9.987
9.991
9.995
9.999
10.003
10.007
10.012
10.016
10.020
10.024
10.028
10.032
10.036
10.041
10.045
10.049
10.053
10.057
10.061
10.066
10.070
10.074
10.078
10.082
10.086
10.091
10.095
10.099
10.103
10.107
10.111
10.116
10.120
10.124
10.128
10.132
10.136
10.141
10.145
10.149
10.153
10.157
10.161
10.166
10.170
10.174
10.178
10.182
10.186
10.191
10.195
10.199
10.203
10.207
10.211
10.215
10.220
10.224
10.228
10.232
10.236
10.240
10.245
10.249
10.253
10.257
10.261
10.265
10.270
10.274
10.278
10.282
10.286
10.290
10.295
10.299
10.303
10.307
10.311
10.315
10.320
10.324
10.328
10.332
10.336
10.340
10.345
10.349
10.353
10.357
10.361
10.365
10.370
10.374
10.378
10.382
10.386
10.390
10.394
10.399
10.403
10.407
10.411
10.415
10.419
10.424
10.428
10.432
10.436
10.440
10.444
10.449
10.453
10.457
10.461
10.465
10.469
10.474
10.478
10.482
10.486
10.490
10.494
10.499
10.503
10.507
10.511
10.515
10.519
10.524
10.528
10.532
10.536
10.540
10.544
10.549
10.553
10.557
10.561
10.565
10.569
10.574
10.578
10.582
10.586
10.590
10.594
10.599
10.603
10.607
10.611
10.615
10.619
10.623
10.628
10.632
10.636
10.640
10.644
10.648
10.653
10.657
10.661
10.665
10.669
10.673
10.678
10.682
10.686
10.690
10.694
10.698
10.703
10.707
10.711
10.715
10.719
10.723
10.728
10.732
10.736
10.740
10.744
10.748
10.753
10.757
10.761
10.765
10.769
10.773
10.778
10.782
10.786
10.790
10.794
10.798
10.803
10.807
10.811
10.815
10.819
10.823
10.828
10.832
10.836
10.840
10.844
10.848
10.853
10.857
10.861
10.865
10.869
10.873
10.877
10.882
10.886
10.890
10.894
10.898
10.902
10.907
10.911
10.915
10.919
10.923
10.927
10.932
10.936
10.940
10.944
10.948
10.952
10.957
10.961
10.965
10.969
10.973
10.977
10.982
10.986
10.990
10.994
10.998
11.002
11.007
11.011
11.015
11.019
11.023
11.027
11.032
11.036
11.040
11.044
11.048
11.052
11.057
11.061
11.065
11.069
11.073
11.077
11.082
11.086
11.090
11.094
11.098
11.102
11.107
11.111
11.115
11.119
11.123
11.127
11.132
11.136
11.140
11.144
11.148
11.152
11.157
11.161
11.165
11.169
11.173
11.177
11.181
11.186
11.190
11.194
11.198
11.202
11.206
11.211
11.215
11.219
11.223
11.227
11.231
11.236
11.240
11.244
11.248
11.252
11.256
11.261
11.265
11.269
11.273
11.277
11.281
11.286
11.290
11.294
11.298
11.302
11.306
11.311
11.315
11.319
11.323
11.327
11.331
11.336
11.340
11.344
11.348
11.352
11.356
11.361
11.365
11.369
11.373
11.377
11.381
11.386
11.390
11.394
11.398
11.402
11.406
11.411
11.415
11.419
11.423
11.427
11.431
11.436
11.440
11.444
11.448
11.452
11.456
11.461
11.465
11.469
11.473
11.477
11.481
11.486
11.490
11.494
11.498
11.502
11.506
11.511
11.515
11.519
11.523
11.527
11.531
11.536
11.540
11.544
11.548
11.552
11.556
11.561
11.565
11.569
11.573
11.577
11.581
11.586
11.590
11.594
11.598
11.602
11.606
11.611
11.615
11.619
11.623
11.627
11.631
11.635
11.640
11.644
11.648
11.652
11.656
11.660
11.665
11.669
11.673
11.677
11.681
11.685
11.690
11.694
11.698
11.702
11.706
11.710
11.715
11.719
11.723
11.727
11.731
11.735
11.740
11.744
11.748
11.752
11.756
11.760
11.765
11.769
11.773
11.777
11.781
11.785
11.790
11.794
11.798
11.802
11.806
11.810
11.815
11.819
11.823
11.827
11.831
11.835
11.840
11.844
11.848
11.852
11.856
11.860
11.865
11.869
11.873
11.877
11.881
11.885
11.890
11.894
11.898
11.902
11.906
11.910
11.915
11.919
11.923
11.927
11.931
11.935
11.940
11.944
11.948
11.952
11.956
11.960
11.965
11.969
11.973
11.977
11.981
11.985
11.990
11.994
11.998
12.002
12.006
12.010
12.015
12.019
12.023
12.027
12.031
12.035
12.040
12.044
12.048
12.052
12.056
12.060
12.065
12.069
12.073
12.077
12.081
12.085
12.090
12.094
12.098
12.102
12.106
12.110
12.115
12.119
12.123
12.127
12.131
12.135
12.140
12.144
12.148
12.152
12.156
12.160
12.165
12.169
12.173
12.177
12.181
12.185
12.190
12.194
12.198
12.202
12.206
12.210
12.215
12.219
12.223
12.227
12.231
12.235
12.240
12.244
12.248
12.252
12.256
12.260
12.265
12.269
12.273
12.277
12.281
12.285
12.290
12.294
12.298
12.302
12.306
12.310
12.315
12.319
12.323
12.327
12.331
12.335
12.340
12.344
12.348
12.352
12.356
12.360
12.365
12.369
12.373
12.377
12.381
12.385
12.390
12.394
12.398
12.402
12.406
12.410
12.415
12.419
12.423
12.427
12.431
12.435
12.440
12.444
12.448
12.452
12.456
12.460
12.465
12.469
12.473
12.477
12.481
12.485
12.490
12.494
12.498
12.502
12.506
12.510
12.515
12.519
12.523
12.527
12.531
12.535
12.540
12.544
12.548
12.552
12.556
12.560
12.565
12.569
12.573
12.577
12.581
12.585
12.590
12.594
12.598
12.602
12.606
12.610
12.615
12.619
12.623
12.627
12.631
12.635
12.640
12.644
12.648
12.652
12.656
12.660
12.665
12.669
12.673
12.677
12.681
12.685
12.690
12.694
12.698
12.702
12.706
12.710
12.715
12.719
12.723
12.727
12.731
12.735
12.740
12.744
12.748
12.752
12.756
12.760
12.765
12.769
12.773
12.777
12.781
12.785
12.790
12.794
12.798
12.802
12.806
12.810
12.815
12.819
12.823
12.827
12.831
12.835
12.840
12.844
12.848
12.852
12.856
12.860
12.865
12.869
12.873
12.877
12.881
12.885
12.890
12.894
12.898
12.902
12.906
12.911
12.915
12.919
12.923
12.927
12.931
12.936
12.940
12.944
12.948
12.952
12.956
12.961
12.965
12.969
12.973
12.977
12.981
12.986
12.990
12.994
12.998
13.002
13.006
13.011
13.015
13.019
13.023
13.027
13.031
13.036
13.040
13.044
13.048
13.052
13.056
13.061
13.065
13.069
13.073
13.077
13.081
13.086
13.090
13.094
13.098
13.102
13.106
13.111
13.115
13.119
13.123
13.127
13.131
13.136
13.140
13.144
13.148
13.152
13.156
13.161
13.165
13.169
13.173
13.177
13.181
13.186
13.190
13.194
13.198
13.202
13.206
13.211
13.215
13.219
13.223
13.227
13.231
13.236
13.240
13.244
13.248
13.252
13.256
13.261
13.265
13.269
13.273
13.277
13.281
13.286
13.290
13.294
13.298
13.302
13.306
13.311
13.315
13.319
13.323
13.327
13.331
13.336
13.340
13.344
13.348
13.352
13.356
13.361
13.365
13.369
13.373
13.377
13.382
13.386
13.390
13.394
13.398
13.402
13.407
13.411
13.415
13.419
13.423
13.427
13.432
13.436
13.440
13.444
13.448
13.452
13.457
13.461
13.465
13.469
13.473
13.477
13.482
13.486
13.490
13.494
13.498
13.502
13.507
13.511
13.515
13.519
13.523
13.527
13.532
13.536
13.540
13.544
13.548
13.552
13.557
13.561
13.565
13.569
13.573
13.577
13.582
13.586
13.590
13.594
13.598
13.602
13.607
13.611
13.615
13.619
13.623
13.627
13.632
13.636
13.640
13.644
13.648
13.652
13.657
13.661
13.665
13.669
13.673
13.677
13.682
13.686
13.690
13.694
13.698
13.703
13.707
13.711
13.715
13.719
13.723
13.728
13.732
13.736
13.740
13.744
13.748
13.753
13.757
13.761
13.765
13.769
13.773
13.778
13.782
13.786
13.790
13.794
13.798
13.803
13.807
13.811
13.815
13.819
13.823
13.828
13.832
13.836
13.840
13.844
13.848
13.853
13.857
13.861
13.865
13.869
13.873
13.878
13.882
13.886
13.890
13.894
13.898
13.903
13.907
13.911
13.915
13.919
13.923
13.928
13.932
13.936
13.940
13.944
13.948
13.953
13.957
13.961
13.965
13.969
13.974
13.978
13.982
13.986
13.990
13.994
13.999
14.003
14.007
14.011
14.015
14.019
14.024
14.028
14.032
14.036
14.040
14.044
14.049
14.053
14.057
14.061
14.065
14.069
14.074
14.078
14.082
14.086
14.090
14.094
14.099
14.103
14.107
14.111
14.115
14.119
14.124
14.128
14.132
14.136
14.140
14.144
14.149
14.153
14.157
14.161
14.165
14.169
14.174
14.178
14.182
14.186
14.190
14.194
14.199
14.203
14.207
14.211
14.215
14.220
14.224
14.228
14.232
14.236
14.240
14.245
14.249
14.253
14.257
14.261
14.265
14.270
14.274
14.278
14.282
14.286
14.290
14.295
14.299
14.303
14.307
14.311
14.315
14.320
14.324
14.328
14.332
14.336
14.340
14.345
14.349
14.353
14.357
14.361
14.365
14.370
14.374
14.378
14.382
14.386
14.390
14.395
14.399
14.403
14.407
14.411
14.415
14.420
14.424
14.428
14.432
14.436
14.441
14.445
14.449
14.453
14.457
14.461
14.466
14.470
14.474
14.478
14.482
14.486
14.491
14.495
14.499
14.503
14.507
14.511
14.516
14.520
14.524
14.528
14.532
14.536
14.541
14.545
14.549
14.553
14.557
14.561
14.566
14.570
14.574
14.578
14.582
14.586
14.591
14.595
14.599
14.603
14.607
14.611
14.616
14.620
14.624
14.628
14.632
14.637
14.641
14.645
14.649
14.653
14.657
14.662
14.666
14.670
14.674
14.678
14.682
14.687
14.691
14.695
14.699
14.703
14.707
14.712
14.716
14.720
14.724
14.728
14.732
14.737
14.741
14.745
14.749
14.753
14.757
14.762
14.766
14.770
14.774
14.778
14.782
14.787
14.791
14.795
14.799
14.803
14.808
14.812
14.816
14.820
14.824
14.828
14.833
14.837
14.841
14.845
14.849
14.853
14.858
14.862
14.866
14.870
14.874
14.878
14.883
14.887
14.891
14.895
14.899
14.903
14.908
14.912
14.916
14.920
14.924
14.928
14.933
14.937
14.941
14.945
14.949
14.953
14.958
14.962
14.966
14.970
14.974
14.979
14.983
14.987
14.991
14.995
14.999
15.004
15.008
15.012
15.016
15.020
15.024
15.029
15.033
15.037
15.041
15.045
15.049
15.054
15.058
15.062
15.066
15.070
15.074
15.079
15.083
15.087
15.091
15.095
15.099
15.104
15.108
15.112
15.116
15.120
15.124
15.129
15.133
15.137
15.141
15.145
15.150
15.154
15.158
15.162
15.166
15.170
15.175
15.179
15.183
15.187
15.191
15.195
15.200
15.204
15.208
15.212
15.216
15.220
15.225
15.229
15.233
15.237
15.241
15.245
15.250
15.254
15.258
15.262
15.266
15.270
15.275
15.279
15.283
15.287
15.291
15.296
15.300
15.304
15.308
15.312
15.316
15.321
15.325
15.329
15.333
15.337
15.341
15.346
15.350
15.354
15.358
15.362
15.366
15.371
15.375
15.379
15.383
15.387
15.391
15.396
15.400
15.404
15.408
15.412
15.416
15.421
15.425
15.429
15.433
15.437
15.442
15.446
15.450
15.454
15.458
15.462
15.467
15.471
15.475
15.479
15.483
15.487
15.492
15.496
15.500
15.504
15.508
15.512
15.517
15.521
15.525
15.529
15.533
15.537
15.542
15.546
15.550
15.554
15.558
15.562
15.567
15.571
15.575
15.579
15.583
15.588
15.592
15.596
15.600
15.604
15.608
15.613
15.617
15.621
15.625
15.629
15.633
15.638
15.642
15.646
15.650
15.654
15.658
15.663
15.667
15.671
15.675
15.679
15.683
15.688
15.692
15.696
15.700
15.704
15.709
15.713
15.717
15.721
15.725
15.729
15.734
15.738
15.742
15.746
15.750
15.754
15.759
15.763
15.767
15.771
15.775
15.779
15.784
15.788
15.792
15.796
15.800
15.804
15.809
15.813
15.817
15.821
15.825
15.829
15.834
15.838
15.842
15.846
15.850
15.855
15.859
15.863
15.867
15.871
15.875
15.880
15.884
15.888
15.892
15.896
15.900
15.905
15.909
15.913
15.917
15.921
15.925
15.930
15.934
15.938
15.942
15.946
15.950
15.955
15.959
15.963
15.967
15.971
15.976
15.980
15.984
15.988
15.992
15.996
16.001
16.005
16.009
16.013
16.017
16.021
16.026
16.030
16.034
16.038
16.042
16.046
16.051
16.055
16.059
16.063
16.067
16.071
16.076
16.080
16.084
16.088
16.092
16.097
16.101
16.105
16.109
16.113
16.117
16.122
16.126
16.130
16.134
16.138
16.142
16.147
16.151
16.155
16.159
16.163
16.167
16.172
16.176
16.180
16.184
16.188
16.192
16.197
16.201
16.205
16.209
16.213
16.218
16.222
16.226
16.230
16.234
16.238
16.243
16.247
16.251
16.255
16.259
16.263
16.268
16.272
16.276
16.280
16.284
16.288
16.293
16.297
16.301
16.305
16.309
16.313
16.318
16.322
16.326
16.330
16.334
16.339
16.343
16.347
16.351
16.355
16.359
16.364
16.368
16.372
16.376
16.380
16.384
16.389
16.393
16.397
16.401
16.405
16.409
16.414
16.418
16.422
16.426
16.430
16.434
16.439
16.443
16.447
16.451
16.455
16.460
16.464
16.468
16.472
16.476
16.480
16.485
16.489
16.493
16.497
16.501
16.505
16.510
16.514
16.518
16.522
16.526
16.530
16.535
16.539
16.543
16.547
16.551
16.555
16.560
16.564
16.568
16.572
16.576
16.581
16.585
16.589
16.593
16.597
16.601
16.606
16.610
16.614
16.618
16.622
16.626
16.631
16.635
16.639
16.643
16.647
16.651
16.656
16.660
16.664
16.668
16.672
16.677
16.681
16.685
16.689
16.693
16.697
16.702
16.706
16.710
16.714
16.718
16.722
16.727
16.731
16.735
16.739
16.743
16.747
16.752
16.756
16.760
16.764
16.768
16.772
16.777
16.781
16.785
16.789
16.793
16.798
16.802
16.806
16.810
16.814
16.818
16.823
16.827
16.831
16.835
16.839
16.843
16.848
16.852
16.856
16.860
16.864
16.868
16.873
16.877
16.881
16.885
16.889
16.894
16.898
16.902
16.906
16.910
16.914
16.919
16.923
16.927
16.931
16.935
16.939
16.944
16.948
16.952
16.956
16.960
16.964
16.969
16.973
16.977
16.981
16.985
16.989
16.994
16.998
17.002
17.006
17.010
17.015
17.019
17.023
17.027
17.031
17.035
17.040
17.044
17.048
17.052
17.056
17.060
17.065
17.069
17.073
17.077
17.081
17.085
17.090
17.094
17.098
17.102
17.106
17.111
17.115
17.119
17.123
17.127
17.131
17.136
17.140
17.144
17.148
17.152
17.156
17.161
17.165
17.169
17.173
17.177
17.181
17.186
17.190
17.194
17.198
17.202
17.207
17.211
17.215
17.219
17.223
17.227
17.232
17.236
17.240
17.244
17.248
17.252
17.257
17.261
17.265
17.269
17.273
17.277
17.282
17.286
17.290
17.294
17.298
17.303
17.307
17.311
17.315
17.319
17.323
17.328
17.332
17.336
17.340
17.344
17.348
17.353
17.357
17.361
17.365
17.369
17.373
17.378
17.382
17.386
17.390
17.394
17.399
17.403
17.407
17.411
17.415
17.419
17.424
17.428
17.432
17.436
17.440
17.444
17.449
17.453
17.457
17.461
17.465
17.469
17.474
17.478
17.482
17.486
17.490
17.495
17.499
17.503
17.507
17.511
17.515
17.520
17.524
17.528
17.532
17.536
17.540
17.545
17.549
17.553
17.557
17.561
17.565
17.570
17.574
17.578
17.582
17.586
17.591
17.595
17.599
17.603
17.607
17.611
17.616
17.620
17.624
17.628
17.632
17.636
17.641
17.645
17.649
17.653
17.657
17.661
17.666
17.670
17.674
17.678
17.682
17.687
17.691
17.695
17.699
17.703
17.707
17.712
17.716
17.720
17.724
17.728
17.732
17.737
17.741
17.745
17.749
17.753
17.757
17.762
17.766
17.770
17.774
17.778
17.783
17.787
17.791
17.795
17.799
17.803
17.808
17.812
17.816
17.820
17.824
17.828
17.833
17.837
17.841
17.845
17.849
17.853
17.858
17.862
17.866
17.870
17.874
17.879
17.883
17.887
17.891
17.895
17.899
17.904
17.908
17.912
17.916
17.920
17.924
17.929
17.933
17.937
17.941
17.945
17.949
17.954
17.958
17.962
17.966
17.970
17.975
17.979
17.983
17.987
17.991
17.995
18.000
18.004
18.008
18.012
18.016
18.020
18.025
18.029
18.033
18.037
18.041
18.046
18.050
18.054
18.058
18.062
18.066
18.071
18.075
18.079
18.083
18.087
18.091
18.096
18.100
18.104
18.108
18.112
18.116
18.121
18.125
18.129
18.133
18.137
18.142
18.146
18.150
18.154
18.158
18.162
18.167
18.171
18.175
18.179
18.183
18.187
18.192
18.196
18.200
18.204
18.208
18.212
18.217
18.221
18.225
18.229
18.233
18.238
18.242
18.246
18.250
18.254
18.258
18.263
18.267
18.271
18.275
18.279
18.283
18.288
18.292
18.296
18.300
18.304
18.309
18.313
18.317
18.321
18.325
18.329
18.334
18.338
18.342
18.346
18.350
18.354
18.359
18.363
18.367
18.371
18.375
18.379
18.384
18.388
18.392
18.396
18.400
18.405
18.409
18.413
18.417
18.421
18.425
18.430
18.434
18.438
18.442
18.446
18.450
18.455
18.459
18.463
18.467
18.471
18.475
18.480
18.484
18.488
18.492
18.496
18.501
18.505
18.509
18.513
18.517
18.521
18.526
18.530
18.534
18.538
18.542
18.546
18.551
18.555
18.559
18.563
18.567
18.572
18.576
18.580
18.584
18.588
18.592
18.597
18.601
18.605
18.609
18.613
18.617
18.622
18.626
18.630
18.634
18.638
18.642
18.647
18.651
18.655
18.659
18.663
18.668
18.672
18.676
18.680
18.684
18.688
18.693
18.697
18.701
18.705
18.709
18.713
18.718
18.722
18.726
18.730
18.734
18.739
18.743
18.747
18.751
18.755
18.759
18.764
18.768
18.772
18.776
18.780
18.784
18.789
18.793
18.797
18.801
18.805
18.809
18.814
18.818
18.822
18.826
18.830
18.835
18.839
18.843
18.847
18.851
18.855
18.860
18.864
18.868
18.872
18.876
18.880
18.885
18.889
18.893
18.897
18.901
18.906
18.910
18.914
18.918
18.922
18.926
18.931
18.935
18.939
18.943
18.947
18.951
18.956
18.960
18.964
18.968
18.972
18.977
18.981
18.985
18.989
18.993
18.997
19.002
19.006
19.010
19.014
19.018
19.022
19.027
19.031
19.035
19.039
19.043
19.047
19.052
19.056
19.060
19.064
19.068
19.073
19.077
19.081
19.085
19.089
19.093
19.098
19.102
19.106
19.110
19.114
19.118
19.123
19.127
19.131
19.135
19.139
19.144
19.148
19.152
19.156
19.160
19.164
19.169
19.173
19.177
19.181
19.185
19.189
19.194
19.198
19.202
19.206
19.210
19.215
19.219
19.223
19.227
19.231
19.235
19.240
19.244
19.248
19.252
19.256
19.260
19.265
19.269
19.273
19.277
19.281
19.285
19.290
19.294
19.298
19.302
19.306
19.311
19.315
19.319
19.323
19.327
19.331
19.336
19.340
19.344
19.348
19.352
19.356
19.361
19.365
19.369
19.373
19.377
19.382
19.386
19.390
19.394
19.398
19.402
19.407
19.411
19.415
19.419
19.423
19.427
19.432
19.436
19.440
19.444
19.448
19.453
19.457
19.461
19.465
19.469
19.473
19.478
19.482
19.486
19.490
19.494
19.498
19.503
19.507
19.511
19.515
19.519
19.524
19.528
19.532
19.536
19.540
19.544
19.549
19.553
19.557
19.561
19.565
19.569
19.574
19.578
19.582
19.586
19.590
19.594
19.599
19.603
19.607
19.611
19.615
19.620
19.624
19.628
19.632
19.636
19.640
19.645
19.649
19.653
19.657
19.661
19.665
19.670
19.674
19.678
19.682
19.686
19.691
19.695
19.699
19.703
19.707
19.711
19.716
19.720
19.724
19.728
19.732
19.736
19.741
19.745
19.749
19.753
19.757
19.762
19.766
19.770
19.774
19.778
19.782
19.787
19.791
19.795
19.799
19.803
19.807
19.812
19.816
19.820
19.824
19.828
19.833
19.837
19.841
19.845
19.849
19.853
19.858
19.862
19.866
19.870
19.874
19.878
19.883
19.887
19.891
19.895
19.899
19.904
19.908
19.912
19.916
19.920
19.924
19.929
19.933
19.937
19.941
19.945
19.949
19.954
19.958
19.962
19.966
19.970
19.975
19.979
19.983
19.987
19.991
19.995
20.000
20.004
20.008
20.012
20.016
20.020
20.025
20.029
20.033
20.037
20.041
20.045
20.050
20.054
20.058
20.062
