9.105
9.109
9.113
9.117
9.121
9.125
9.129
9.133
9.137
9.141
9.145
9.149
9.153
9.157
9.161
9.165
9.169
9.173
9.177
9.181
9.185
9.189
9.193
9.197
9.201
9.205
9.209
9.213
9.217
9.221
9.225
9.229
9.234
9.238
9.242
9.246
9.250
9.254
9.258
9.262
9.266
9.270
9.274
9.278
9.282
9.286
9.290
9.294
9.298
9.302
9.306
9.310
9.314
9.318
9.322
9.326
9.330
9.334
9.338
9.342
9.346
9.350
9.354
9.358
9.362
9.366
9.370
9.374
9.378
9.382
9.386
9.390
9.394
9.398
9.402
9.406
9.410
9.414
9.418
9.422
9.426
9.430
9.434
9.438
9.442
9.446
9.450
9.455
9.459
9.463
9.467
9.471
9.475
9.479
9.483
9.487
9.491
9.495
9.499
9.503
9.507
9.511
9.515
9.519
9.523
9.527
9.531
9.535
9.539
9.543
9.547
9.551
9.555
9.559
9.563
9.567
9.571
9.575
9.579
9.583
9.587
9.591
9.595
9.599
9.603
9.607
9.611
9.615
9.619
9.623
9.627
9.631
9.635
9.639
9.643
9.647
9.651
9.655
9.659
9.663
9.667
9.672
9.676
9.680
9.684
9.688
9.692
9.696
9.700
9.704
9.708
9.712
9.716
9.720
9.724
9.728
9.732
9.736
9.740
9.744
9.748
9.752
9.756
9.760
9.764
9.768
9.772
9.776
9.780
9.784
9.788
9.792
9.796
9.800
9.804
9.808
9.812
9.816
9.820
9.824
9.828
9.832
9.836
9.840
9.844
9.848
9.852
9.856
9.860
9.864
9.868
9.872
9.877
9.881
9.885
9.889
9.893
9.897
9.901
9.905
9.909
9.913
9.917
9.921
9.925
9.929
9.933
9.937
9.941
9.945
9.949
9.953
9.957
9.961
9.965
9.969
9.973
9.977
9.981
9.985
9.989
9.993
9.997
10.001
10.005
10.009
10.013
10.017
10.021
10.025
10.029
10.033
10.037
10.041
10.045
10.049
10.053
10.057
10.061
10.065
10.069
10.073
10.077
10.082
10.086
10.090
10.094
10.098
10.102
10.106
10.110
10.114
10.118
10.122
10.126
10.130
10.134
10.138
10.142
10.146
10.150
10.154
10.158
10.162
10.166
10.170
10.174
10.178
10.182
10.186
10.190
10.194
10.198
10.202
10.206
10.210
10.214
10.218
10.222
10.226
10.230
10.234
10.238
10.242
10.246
10.250
10.254
10.258
10.262
10.266
10.270
10.274
10.279
10.283
10.287
10.291
10.295
10.299
10.303
10.307
10.311
10.315
10.319
10.323
10.327
10.331
10.335
10.339
10.343
10.347
10.351
10.355
10.359
10.363
10.367
10.371
10.375
10.379
10.383
10.387
10.391
10.395
10.399
10.403
10.407
10.411
10.415
10.419
10.423
10.427
10.431
10.435
10.439
10.443
10.447
10.451
10.455
10.459
10.463
10.467
10.472
10.476
10.480
10.484
10.488
10.492
10.496
10.500
10.504
10.508
10.512
10.516
10.520
10.524
10.528
10.532
10.536
10.540
10.544
10.548
10.552
10.556
10.560
10.564
10.568
10.572
10.576
10.580
10.584
10.588
10.592
10.596
10.600
10.604
10.608
10.612
10.616
10.620
10.624
10.628
10.632
10.636
10.640
10.644
10.648
10.652
10.657
10.661
10.665
10.669
10.673
10.677
10.681
10.685
10.689
10.693
10.697
10.701
10.705
10.709
10.713
10.717
10.721
10.725
10.729
10.733
10.737
10.741
10.745
10.749
10.753
10.757
10.761
10.765
10.769
10.773
10.777
10.781
10.785
10.789
10.793
10.797
10.801
10.805
10.809
10.813
10.817
10.821
10.825
10.829
10.833
10.837
10.842
10.846
10.850
10.854
10.858
10.862
10.866
10.870
10.874
10.878
10.882
10.886
10.890
10.894
10.898
10.902
10.906
10.910
10.914
10.918
10.922
10.926
10.930
10.934
10.938
10.942
10.946
10.950
10.954
10.958
10.962
10.966
10.970
10.974
10.978
10.982
10.986
10.990
10.994
10.998
11.002
11.006
11.010
11.014
11.018
11.023
11.027
11.031
11.035
11.039
11.043
11.047
11.051
11.055
11.059
11.063
11.067
11.071
11.075
11.079
11.083
11.087
11.091
11.095
11.099
11.103
11.107
11.111
11.115
11.119
11.123
11.127
11.131
11.135
11.139
11.143
11.147
11.151
11.155
11.159
11.163
11.167
11.171
11.175
11.179
11.183
11.187
11.191
11.195
11.200
11.204
11.208
11.212
11.216
11.220
11.224
11.228
11.232
11.236
11.240
11.244
11.248
11.252
11.256
11.260
11.264
11.268
11.272
11.276
11.280
11.284
11.288
11.292
11.296
11.300
11.304
11.308
11.312
11.316
11.320
11.324
11.328
11.332
11.336
11.340
11.344
11.348
11.352
11.356
11.360
11.364
11.368
11.373
11.377
11.381
11.385
11.389
11.393
11.397
11.401
11.405
11.409
11.413
11.417
11.421
11.425
11.429
11.433
11.437
11.441
11.445
11.449
11.453
11.457
11.461
11.465
11.469
11.473
11.477
11.481
11.485
11.489
11.493
11.497
11.501
11.505
11.509
11.513
11.517
11.521
11.525
11.529
11.533
11.537
11.542
11.546
11.550
11.554
11.558
11.562
11.566
11.570
11.574
11.578
11.582
11.586
11.590
11.594
11.598
11.602
11.606
11.610
11.614
11.618
11.622
11.626
11.630
11.634
11.638
11.642
11.646
11.650
11.654
11.658
11.662
11.666
11.670
11.674
11.678
11.682
11.686
11.690
11.694
11.698
11.702
11.707
11.711
11.715
11.719
11.723
11.727
11.731
11.735
11.739
11.743
11.747
11.751
11.755
11.759
11.763
11.767
11.771
11.775
11.779
11.783
11.787
11.791
11.795
11.799
11.803
11.807
11.811
11.815
11.819
11.823
11.827
11.831
11.835
11.839
11.843
11.847
11.851
11.855
11.859
11.863
11.867
11.872
11.876
11.880
11.884
11.888
11.892
11.896
11.900
11.904
11.908
11.912
11.916
11.920
11.924
11.928
11.932
11.936
11.940
11.944
11.948
11.952
11.956
11.960
11.964
11.968
11.972
11.976
11.980
11.984
11.988
11.992
11.996
12.000
12.004
12.008
12.012
12.016
12.020
12.024
12.028
12.033
12.037
12.041
12.045
12.049
12.053
12.057
12.061
12.065
12.069
12.073
12.077
12.081
12.085
12.089
12.093
12.097
12.101
12.105
12.109
12.113
12.117
12.121
12.125
12.129
12.133
12.137
12.141
12.145
12.149
12.153
12.157
12.161
12.165
12.169
12.173
12.177
12.181
12.185
12.189
12.194
12.198
12.202
12.206
12.210
12.214
12.218
12.222
12.226
12.230
12.234
12.238
12.242
12.246
12.250
12.254
12.258
12.262
12.266
12.270
12.274
12.278
12.282
12.286
12.290
12.294
12.298
12.302
12.306
12.310
12.314
12.318
12.322
12.326
12.330
12.334
12.338
12.342
12.346
12.351
12.355
12.359
12.363
12.367
12.371
12.375
12.379
12.383
12.387
12.391
12.395
12.399
12.403
12.407
12.411
12.415
12.419
12.423
12.427
12.431
12.435
12.439
12.443
12.447
12.451
12.455
12.459
12.463
12.467
12.471
12.475
12.479
12.483
12.487
12.491
12.495
12.499
12.504
12.508
12.512
12.516
12.520
12.524
12.528
12.532
12.536
12.540
12.544
12.548
12.552
12.556
12.560
12.564
12.568
12.572
12.576
12.580
12.584
12.588
12.592
12.596
12.600
12.604
12.608
12.612
12.616
12.620
12.624
12.628
12.632
12.636
12.640
12.644
12.648
12.652
12.657
12.661
12.665
12.669
12.673
12.677
12.681
12.685
12.689
12.693
12.697
12.701
12.705
12.709
12.713
12.717
12.721
12.725
12.729
12.733
12.737
12.741
12.745
12.749
12.753
12.757
12.761
12.765
12.769
12.773
12.777
12.781
12.785
12.789
12.793
12.797
12.801
12.806
12.810
12.814
12.818
12.822
12.826
12.830
12.834
12.838
12.842
12.846
12.850
12.854
12.858
12.862
12.866
12.870
12.874
12.878
12.882
12.886
12.890
12.894
12.898
12.902
12.906
12.910
12.914
12.918
12.922
12.926
12.930
12.934
12.938
12.942
12.946
12.950
12.955
12.959
12.963
12.967
12.971
12.975
12.979
12.983
12.987
12.991
12.995
12.999
13.003
13.007
13.011
13.015
13.019
13.023
13.027
13.031
13.035
13.039
13.043
13.047
13.051
13.055
13.059
13.063
13.067
13.071
13.075
13.079
13.083
13.087
13.091
13.095
13.099
13.104
13.108
13.112
13.116
13.120
13.124
13.128
13.132
13.136
13.140
13.144
13.148
13.152
13.156
13.160
13.164
13.168
13.172
13.176
13.180
13.184
13.188
13.192
13.196
13.200
13.204
13.208
13.212
13.216
13.220
13.224
13.228
13.232
13.236
13.240
13.244
13.249
13.253
13.257
13.261
13.265
13.269
13.273
13.277
13.281
13.285
13.289
13.293
13.297
13.301
13.305
13.309
13.313
13.317
13.321
13.325
13.329
13.333
13.337
13.341
13.345
13.349
13.353
13.357
13.361
13.365
13.369
13.373
13.377
13.381
13.385
13.390
13.394
13.398
13.402
13.406
13.410
13.414
13.418
13.422
13.426
13.430
13.434
13.438
13.442
13.446
13.450
13.454
13.458
13.462
13.466
13.470
13.474
13.478
13.482
13.486
13.490
13.494
13.498
13.502
13.506
13.510
13.514
13.518
13.522
13.526
13.531
13.535
13.539
13.543
13.547
13.551
13.555
13.559
13.563
13.567
13.571
13.575
13.579
13.583
13.587
13.591
13.595
13.599
13.603
13.607
13.611
13.615
13.619
13.623
13.627
13.631
13.635
13.639
13.643
13.647
13.651
13.655
13.659
13.663
13.667
13.672
13.676
13.680
13.684
13.688
13.692
13.696
13.700
13.704
13.708
13.712
13.716
13.720
13.724
13.728
13.732
13.736
13.740
13.744
13.748
13.752
13.756
13.760
13.764
13.768
13.772
13.776
13.780
13.784
13.788
13.792
13.796
13.800
13.804
13.809
13.813
13.817
13.821
13.825
13.829
13.833
13.837
13.841
13.845
13.849
13.853
13.857
13.861
13.865
13.869
13.873
13.877
13.881
13.885
13.889
13.893
13.897
13.901
13.905
13.909
13.913
13.917
13.921
13.925
13.929
13.933
13.937
13.941
13.945
13.950
13.954
13.958
13.962
13.966
13.970
13.974
13.978
13.982
13.986
13.990
13.994
13.998
14.002
14.006
14.010
14.014
14.018
14.022
14.026
14.030
14.034
14.038
14.042
14.046
14.050
14.054
14.058
14.062
14.066
14.070
14.074
14.078
14.083
14.087
14.091
14.095
14.099
14.103
14.107
14.111
14.115
14.119
14.123
14.127
14.131
14.135
14.139
14.143
14.147
14.151
14.155
14.159
14.163
14.167
14.171
14.175
14.179
14.183
14.187
14.191
14.195
14.199
14.203
14.207
14.211
14.215
14.220
14.224
14.228
14.232
14.236
14.240
14.244
14.248
14.252
14.256
14.260
14.264
14.268
14.272
14.276
14.280
14.284
14.288
14.292
14.296
14.300
14.304
14.308
14.312
14.316
14.320
14.324
14.328
14.332
14.336
14.340
14.344
14.348
14.353
14.357
14.361
14.365
14.369
14.373
14.377
14.381
14.385
14.389
14.393
14.397
14.401
14.405
14.409
14.413
14.417
14.421
14.425
14.429
14.433
14.437
14.441
14.445
14.449
14.453
14.457
14.461
14.465
14.469
14.473
14.477
14.482
14.486
14.490
14.494
14.498
14.502
14.506
14.510
14.514
14.518
14.522
14.526
14.530
14.534
14.538
14.542
14.546
14.550
14.554
14.558
14.562
14.566
14.570
14.574
14.578
14.582
14.586
14.590
14.594
14.598
14.602
14.606
14.610
14.615
14.619
14.623
14.627
14.631
14.635
14.639
14.643
14.647
14.651
14.655
14.659
14.663
14.667
14.671
14.675
14.679
14.683
14.687
14.691
14.695
14.699
14.703
14.707
14.711
14.715
14.719
14.723
14.727
14.731
14.735
14.739
14.744
14.748
14.752
14.756
14.760
14.764
14.768
14.772
14.776
14.780
14.784
14.788
14.792
14.796
14.800
14.804
14.808
14.812
14.816
14.820
14.824
14.828
14.832
14.836
14.840
14.844
14.848
14.852
14.856
14.860
14.864
14.868
14.873
14.877
14.881
14.885
14.889
14.893
14.897
14.901
14.905
14.909
14.913
14.917
14.921
14.925
14.929
14.933
14.937
14.941
14.945
14.949
14.953
14.957
14.961
14.965
14.969
14.973
14.977
14.981
14.985
14.989
14.993
14.997
15.002
15.006
15.010
15.014
15.018
15.022
15.026
15.030
15.034
15.038
15.042
15.046
15.050
15.054
15.058
15.062
15.066
15.070
15.074
15.078
15.082
15.086
15.090
15.094
15.098
15.102
15.106
15.110
15.114
15.118
15.122
15.127
15.131
15.135
15.139
15.143
15.147
15.151
15.155
15.159
15.163
15.167
15.171
15.175
15.179
15.183
15.187
15.191
15.195
15.199
15.203
15.207
15.211
15.215
15.219
15.223
15.227
15.231
15.235
15.239
15.243
15.247
15.252
15.256
15.260
15.264
15.268
15.272
15.276
15.280
15.284
15.288
15.292
15.296
15.300
15.304
15.308
15.312
15.316
15.320
15.324
15.328
15.332
15.336
15.340
15.344
15.348
15.352
15.356
15.360
15.364
15.368
15.372
15.377
15.381
15.385
15.389
15.393
15.397
15.401
15.405
15.409
15.413
15.417
15.421
15.425
15.429
15.433
15.437
15.441
15.445
15.449
15.453
15.457
15.461
15.465
15.469
15.473
15.477
15.481
15.485
15.489
15.493
15.497
15.502
15.506
15.510
15.514
15.518
15.522
15.526
15.530
15.534
15.538
15.542
15.546
15.550
15.554
15.558
15.562
15.566
15.570
15.574
15.578
15.582
15.586
15.590
15.594
15.598
15.602
15.606
15.610
15.614
15.618
15.623
15.627
15.631
15.635
15.639
15.643
15.647
15.651
15.655
15.659
15.663
15.667
15.671
15.675
15.679
15.683
15.687
15.691
15.695
15.699
15.703
15.707
15.711
15.715
15.719
15.723
15.727
15.731
15.735
15.739
15.744
15.748
15.752
15.756
15.760
15.764
15.768
15.772
15.776
15.780
15.784
15.788
15.792
15.796
15.800
15.804
15.808
15.812
15.816
15.820
15.824
15.828
15.832
15.836
15.840
15.844
15.848
15.852
15.856
15.860
15.864
15.869
15.873
15.877
15.881
15.885
15.889
15.893
15.897
15.901
15.905
15.909
15.913
15.917
15.921
15.925
15.929
15.933
15.937
15.941
15.945
15.949
15.953
15.957
15.961
15.965
15.969
15.973
15.977
15.981
15.986
15.990
15.994
15.998
16.002
16.006
16.010
16.014
16.018
16.022
16.026
16.030
16.034
16.038
16.042
16.046
16.050
16.054
16.058
16.062
16.066
16.070
16.074
16.078
16.082
16.086
16.090
16.094
16.098
16.102
16.107
16.111
16.115
16.119
16.123
16.127
16.131
16.135
16.139
16.143
16.147
16.151
16.155
16.159
16.163
16.167
16.171
16.175
16.179
16.183
16.187
16.191
16.195
16.199
16.203
16.207
16.211
16.215
16.219
16.224
16.228
16.232
16.236
16.240
16.244
16.248
16.252
16.256
16.260
16.264
16.268
16.272
16.276
16.280
16.284
16.288
16.292
16.296
16.300
16.304
16.308
16.312
16.316
16.320
16.324
16.328
16.332
16.336
16.340
16.345
16.349
16.353
16.357
16.361
16.365
16.369
16.373
16.377
16.381
16.385
16.389
16.393
16.397
16.401
16.405
16.409
16.413
16.417
16.421
16.425
16.429
16.433
16.437
16.441
16.445
16.449
16.453
16.457
16.462
16.466
16.470
16.474
16.478
16.482
16.486
16.490
16.494
16.498
16.502
16.506
16.510
16.514
16.518
16.522
16.526
16.530
16.534
16.538
16.542
16.546
16.550
16.554
16.558
16.562
16.566
16.570
16.575
16.579
16.583
16.587
16.591
16.595
16.599
16.603
16.607
16.611
16.615
16.619
16.623
16.627
16.631
16.635
16.639
16.643
16.647
16.651
16.655
16.659
16.663
16.667
16.671
16.675
16.679
16.683
16.687
16.692
16.696
16.700
16.704
16.708
16.712
16.716
16.720
16.724
16.728
16.732
16.736
16.740
16.744
16.748
16.752
16.756
16.760
16.764
16.768
16.772
16.776
16.780
16.784
16.788
16.792
16.796
16.800
16.804
16.809
16.813
16.817
16.821
16.825
16.829
16.833
16.837
16.841
16.845
16.849
16.853
16.857
16.861
16.865
16.869
16.873
16.877
16.881
16.885
16.889
16.893
16.897
16.901
16.905
16.909
16.913
16.917
16.922
16.926
16.930
16.934
16.938
16.942
16.946
16.950
16.954
16.958
16.962
16.966
16.970
16.974
16.978
16.982
16.986
16.990
16.994
16.998
17.002
17.006
17.010
17.014
17.018
17.022
17.026
17.030
17.035
17.039
17.043
17.047
17.051
17.055
17.059
17.063
17.067
17.071
17.075
17.079
17.083
17.087
17.091
17.095
17.099
17.103
17.107
17.111
17.115
17.119
17.123
17.127
17.131
17.135
17.139
17.143
17.148
17.152
17.156
17.160
17.164
17.168
17.172
17.176
17.180
17.184
17.188
17.192
17.196
17.200
17.204
17.208
17.212
17.216
17.220
17.224
17.228
17.232
17.236
17.240
17.244
17.248
17.252
17.256
17.261
17.265
17.269
17.273
17.277
17.281
17.285
17.289
17.293
17.297
17.301
17.305
17.309
17.313
17.317
17.321
17.325
17.329
17.333
17.337
17.341
17.345
17.349
17.353
17.357
17.361
17.365
17.369
17.374
17.378
17.382
17.386
17.390
17.394
17.398
17.402
17.406
17.410
17.414
17.418
17.422
17.426
17.430
17.434
17.438
17.442
17.446
17.450
17.454
17.458
17.462
17.466
17.470
17.474
17.478
17.483
17.487
17.491
17.495
17.499
17.503
17.507
17.511
17.515
17.519
17.523
17.527
17.531
17.535
17.539
17.543
17.547
17.551
17.555
17.559
17.563
17.567
17.571
17.575
17.579
17.583
17.587
17.591
17.596
17.600
17.604
17.608
17.612
17.616
17.620
17.624
17.628
17.632
17.636
17.640
17.644
17.648
17.652
17.656
17.660
17.664
17.668
17.672
17.676
17.680
17.684
17.688
17.692
17.696
17.700
17.705
17.709
17.713
17.717
17.721
17.725
17.729
17.733
17.737
17.741
17.745
17.749
17.753
17.757
17.761
17.765
17.769
17.773
17.777
17.781
17.785
17.789
17.793
17.797
17.801
17.805
17.809
17.814
17.818
17.822
17.826
17.830
17.834
17.838
17.842
17.846
17.850
17.854
17.858
17.862
17.866
17.870
17.874
17.878
17.882
17.886
17.890
17.894
17.898
17.902
17.906
17.910
17.914
17.918
17.923
17.927
17.931
17.935
17.939
17.943
17.947
17.951
17.955
17.959
17.963
17.967
17.971
17.975
17.979
17.983
17.987
17.991
17.995
17.999
18.003
18.007
18.011
18.015
18.019
18.023
18.027
18.032
18.036
18.040
18.044
18.048
18.052
18.056
18.060
18.064
18.068
18.072
18.076
18.080
18.084
18.088
18.092
18.096
18.100
18.104
18.108
18.112
18.116
18.120
18.124
18.128
18.132
18.136
18.141
18.145
18.149
18.153
18.157
18.161
18.165
18.169
18.173
18.177
18.181
18.185
18.189
18.193
18.197
18.201
18.205
18.209
18.213
18.217
18.221
18.225
18.229
18.233
18.237
18.241
18.246
18.250
18.254
18.258
18.262
18.266
18.270
18.274
18.278
18.282
18.286
18.290
18.294
18.298
18.302
18.306
18.310
18.314
18.318
18.322
18.326
18.330
18.334
18.338
18.342
18.346
18.350
18.355
18.359
18.363
18.367
18.371
18.375
18.379
18.383
18.387
18.391
18.395
18.399
18.403
18.407
18.411
18.415
18.419
18.423
18.427
18.431
18.435
18.439
18.443
18.447
18.451
18.455
18.460
18.464
18.468
18.472
18.476
18.480
18.484
18.488
18.492
18.496
18.500
18.504
18.508
18.512
18.516
18.520
18.524
18.528
18.532
18.536
18.540
18.544
18.548
18.552
18.556
18.560
18.564
18.569
18.573
18.577
18.581
18.585
18.589
18.593
18.597
18.601
18.605
18.609
18.613
18.617
18.621
18.625
18.629
18.633
18.637
18.641
18.645
18.649
18.653
18.657
18.661
18.665
18.669
18.674
18.678
18.682
18.686
18.690
18.694
18.698
18.702
18.706
18.710
18.714
18.718
18.722
18.726
18.730
18.734
18.738
18.742
18.746
18.750
18.754
18.758
18.762
18.766
18.770
18.774
18.779
18.783
18.787
18.791
18.795
18.799
18.803
18.807
18.811
18.815
18.819
18.823
18.827
18.831
18.835
18.839
18.843
18.847
18.851
18.855
18.859
18.863
18.867
18.871
18.875
18.879
18.884
18.888
18.892
18.896
18.900
18.904
18.908
18.912
18.916
18.920
18.924
18.928
18.932
18.936
18.940
18.944
18.948
18.952
18.956
18.960
18.964
18.968
18.972
18.976
18.980
18.984
18.989
18.993
18.997
19.001
19.005
19.009
19.013
19.017
19.021
19.025
19.029
19.033
19.037
19.041
19.045
19.049
19.053
19.057
19.061
19.065
19.069
19.073
19.077
19.081
19.085
19.090
19.094
19.098
19.102
19.106
19.110
19.114
19.118
19.122
19.126
19.130
19.134
19.138
19.142
19.146
19.150
19.154
19.158
19.162
19.166
19.170
19.174
19.178
19.182
19.186
19.190
19.195
19.199
19.203
19.207
19.211
19.215
19.219
19.223
19.227
19.231
19.235
19.239
19.243
19.247
19.251
19.255
19.259
19.263
19.267
19.271
19.275
19.279
19.283
19.287
19.291
19.296
19.300
19.304
19.308
19.312
19.316
19.320
19.324
19.328
19.332
19.336
19.340
19.344
19.348
19.352
19.356
19.360
19.364
19.368
19.372
19.376
19.380
19.384
19.388
19.392
19.396
19.401
19.405
19.409
19.413
19.417
19.421
19.425
19.429
19.433
19.437
19.441
19.445
19.449
19.453
19.457
19.461
19.465
19.469
19.473
19.477
19.481
19.485
19.489
19.493
19.497
19.502
19.506
19.510
19.514
19.518
19.522
19.526
19.530
19.534
19.538
19.542
19.546
19.550
19.554
19.558
19.562
19.566
19.570
19.574
19.578
19.582
19.586
19.590
19.594
19.598
19.603
19.607
19.611
19.615
19.619
19.623
19.627
19.631
19.635
19.639
19.643
19.647
19.651
19.655
19.659
19.663
19.667
19.671
19.675
19.679
19.683
19.687
19.691
19.695
19.699
19.703
19.708
19.712
19.716
19.720
19.724
19.728
19.732
19.736
19.740
19.744
19.748
19.752
19.756
19.760
19.764
19.768
19.772
19.776
19.780
19.784
19.788
19.792
19.796
19.800
19.804
19.809
19.813
19.817
19.821
19.825
19.829
19.833
19.837
19.841
19.845
19.849
19.853
19.857
19.861
19.865
19.869
19.873
19.877
19.881
19.885
19.889
19.893
19.897
19.901
19.905
19.910
19.914
19.918
19.922
19.926
19.930
19.934
19.938
19.942
19.946
19.950
19.954
19.958
19.962
19.966
19.970
19.974
19.978
19.982
19.986
19.990
19.994
19.998
20.002
20.007
20.011
20.015
20.019
20.023
20.027
20.031
20.035
20.039
20.043
20.047
20.051
20.055
20.059
20.063
20.067
20.071
20.075
20.079
20.083
20.087
20.091
20.095
20.099
20.103
20.108
20.112
20.116
20.120
20.124
20.128
20.132
20.136
20.140
20.144
20.148
20.152
20.156
20.160
20.164
20.168
20.172
20.176
20.180
20.184
20.188
20.192
20.196
20.200
20.204
20.209
20.213
20.217
20.221
20.225
20.229
20.233
20.237
20.241
20.245
20.249
20.253
20.257
20.261
20.265
20.269
20.273
20.277
20.281
20.285
20.289
20.293
20.297
20.301
20.305
20.310
20.314
20.318
20.322
20.326
20.330
20.334
20.338
20.342
20.346
20.350
20.354
20.358
20.362
20.366
20.370
20.374
20.378
20.382
20.386
20.390
20.394
20.398
20.402
20.407
20.411
20.415
20.419
20.423
20.427
20.431
20.435
20.439
20.443
20.447
20.451
20.455
20.459
20.463
20.467
20.471
20.475
20.479
20.483
20.487
20.491
20.495
20.499
20.503
20.508
20.512
20.516
20.520
20.524
20.528
20.532
20.536
20.540
20.544
20.548
20.552
20.556
20.560
20.564
20.568
20.572
20.576
20.580
20.584
20.588
20.592
20.596
20.600
20.605
20.609
20.613
20.617
20.621
20.625
20.629
20.633
20.637
20.641
20.645
20.649
20.653
20.657
20.661
20.665
20.669
20.673
20.677
20.681
20.685
20.689
20.693
20.697
20.702
20.706
20.710
20.714
20.718
20.722
20.726
20.730
20.734
20.738
20.742
20.746
20.750
20.754
20.758
20.762
20.766
20.770
20.774
20.778
20.782
20.786
20.790
20.794
20.798
20.803
20.807
20.811
20.815
20.819
20.823
20.827
20.831
20.835
20.839
20.843
20.847
20.851
20.855
20.859
20.863
20.867
20.871
20.875
20.879
20.883
20.887
20.891
20.895
20.900
20.904
20.908
20.912
20.916
20.920
20.924
20.928
20.932
20.936
20.940
20.944
20.948
20.952
20.956
20.960
20.964
20.968
20.972
20.976
20.980
20.984
20.988
20.992
20.997
21.001
21.005
21.009
21.013
21.017
21.021
21.025
21.029
21.033
21.037
21.041
21.045
21.049
21.053
21.057
21.061
21.065
21.069
21.073
21.077
21.081
21.085
21.089
21.094
21.098
21.102
21.106
21.110
21.114
21.118
21.122
21.126
21.130
21.134
21.138
21.142
21.146
21.150
21.154
21.158
21.162
21.166
21.170
21.174
21.178
21.182
21.186
21.191
21.195
21.199
21.203
21.207
21.211
21.215
21.219
21.223
21.227
21.231
21.235
21.239
21.243
21.247
21.251
21.255
21.259
21.263
21.267
21.271
21.275
21.279
21.283
21.288
21.292
21.296
21.300
21.304
21.308
21.312
21.316
21.320
21.324
21.328
21.332
21.336
21.340
21.344
21.348
21.352
21.356
21.360
21.364
21.368
21.372
21.376
21.381
21.385
21.389
21.393
21.397
21.401
21.405
21.409
21.413
21.417
21.421
21.425
21.429
21.433
21.437
21.441
21.445
21.449
21.453
21.457
21.461
21.465
21.469
21.473
21.478
21.482
21.486
21.490
21.494
21.498
21.502
21.506
21.510
21.514
21.518
21.522
21.526
21.530
21.534
21.538
21.542
21.546
21.550
21.554
21.558
21.562
21.566
21.570
21.575
21.579
21.583
21.587
21.591
21.595
21.599
21.603
21.607
21.611
21.615
21.619
21.623
21.627
21.631
21.635
21.639
21.643
21.647
21.651
21.655
21.659
21.663
21.667
21.672
21.676
21.680
21.684
21.688
21.692
21.696
21.700
21.704
21.708
21.712
21.716
21.720
21.724
21.728
21.732
21.736
21.740
21.744
21.748
21.752
21.756
21.760
21.765
21.769
21.773
21.777
21.781
21.785
21.789
21.793
21.797
21.801
21.805
21.809
21.813
21.817
21.821
21.825
21.829
21.833
21.837
21.841
21.845
21.849
21.853
21.857
21.862
21.866
21.870
21.874
21.878
21.882
21.886
21.890
21.894
21.898
21.902
21.906
21.910
21.914
21.918
21.922
21.926
21.930
21.934
21.938
21.942
21.946
21.950
21.955
21.959
21.963
21.967
21.971
21.975
21.979
21.983
21.987
21.991
21.995
21.999
22.003
22.007
22.011
22.015
22.019
22.023
22.027
22.031
22.035
22.039
22.043
22.048
22.052
22.056
22.060
22.064
22.068
22.072
22.076
22.080
22.084
22.088
22.092
22.096
22.100
22.104
22.108
22.112
22.116
22.120
22.124
22.128
22.132
22.136
22.140
22.145
22.149
22.153
22.157
22.161
22.165
22.169
22.173
22.177
22.181
22.185
22.189
22.193
22.197
22.201
22.205
22.209
22.213
22.217
22.221
22.225
22.229
22.233
22.238
22.242
22.246
22.250
22.254
22.258
22.262
22.266
22.270
22.274
22.278
22.282
22.286
22.290
22.294
22.298
22.302
22.306
22.310
22.314
22.318
22.322
22.326
22.331
22.335
22.339
22.343
22.347
22.351
22.355
22.359
22.363
22.367
22.371
22.375
22.379
22.383
22.387
22.391
22.395
22.399
22.403
22.407
22.411
22.415
22.419
22.424
22.428
22.432
22.436
22.440
22.444
22.448
22.452
22.456
22.460
22.464
22.468
22.472
22.476
22.480
22.484
22.488
22.492
22.496
22.500
22.504
22.508
22.512
22.516
22.521
22.525
22.529
22.533
22.537
22.541
22.545
22.549
22.553
22.557
22.561
22.565
22.569
22.573
22.577
22.581
22.585
22.589
22.593
22.597
22.601
22.605
22.609
22.614
22.618
22.622
22.626
22.630
22.634
22.638
22.642
22.646
22.650
22.654
22.658
22.662
22.666
22.670
22.674
22.678
22.682
22.686
22.690
22.694
22.698
22.702
22.707
22.711
22.715
22.719
22.723
22.727
22.731
22.735
22.739
22.743
22.747
22.751
22.755
22.759
22.763
22.767
22.771
22.775
22.779
22.783
22.787
22.791
22.795
22.800
22.804
22.808
22.812
22.816
22.820
22.824
22.828
22.832
22.836
22.840
22.844
22.848
22.852
22.856
22.860
22.864
22.868
22.872
22.876
22.880
22.884
22.888
22.893
22.897
22.901
22.905
22.909
22.913
22.917
22.921
22.925
22.929
22.933
22.937
22.941
22.945
22.949
22.953
22.957
22.961
22.965
22.969
22.973
22.977
22.982
22.986
22.990
22.994
22.998
23.002
23.006
23.010
23.014
23.018
23.022
23.026
23.030
23.034
23.038
23.042
23.046
23.050
23.054
23.058
23.062
23.066
23.070
23.075
23.079
23.083
23.087
23.091
23.095
23.099
23.103
23.107
23.111
23.115
23.119
23.123
23.127
23.131
23.135
23.139
23.143
23.147
23.151
23.155
23.159
23.163
23.168
23.172
23.176
23.180
23.184
23.188
23.192
23.196
23.200
23.204
23.208
23.212
23.216
23.220
23.224
23.228
23.232
23.236
23.240
23.244
23.248
23.252
23.256
23.261
23.265
23.269
23.273
23.277
23.281
23.285
23.289
23.293
23.297
23.301
23.305
23.309
23.313
23.317
23.321
23.325
23.329
23.333
23.337
23.341
23.345
23.350
23.354
23.358
23.362
23.366
23.370
23.374
23.378
23.382
23.386
23.390
23.394
23.398
23.402
23.406
23.410
23.414
23.418
23.422
23.426
23.430
23.434
23.438
23.443
23.447
23.451
23.455
23.459
23.463
23.467
23.471
23.475
23.479
23.483
23.487
23.491
23.495
23.499
23.503
23.507
23.511
23.515
23.519
23.523
23.527
23.531
23.536
23.540
23.544
23.548
23.552
23.556
23.560
23.564
23.568
23.572
23.576
23.580
23.584
23.588
23.592
23.596
23.600
23.604
23.608
23.612
23.616
23.620
23.625
23.629
23.633
23.637
23.641
23.645
23.649
23.653
23.657
23.661
23.665
23.669
23.673
23.677
23.681
23.685
23.689
23.693
23.697
23.701
23.705
23.709
23.713
23.718
23.722
23.726
23.730
23.734
23.738
23.742
23.746
23.750
23.754
23.758
23.762
23.766
23.770
23.774
23.778
23.782
23.786
23.790
23.794
23.798
23.802
23.807
23.811
23.815
23.819
23.823
23.827
23.831
23.835
23.839
23.843
23.847
23.851
23.855
23.859
23.863
23.867
23.871
23.875
23.879
23.883
23.887
23.891
23.895
23.900
23.904
23.908
23.912
23.916
23.920
23.924
23.928
23.932
23.936
23.940
23.944
23.948
23.952
23.956
23.960
23.964
23.968
23.972
23.976
23.980
23.984
23.989
23.993
23.997
24.001
24.005
24.009
24.013
24.017
24.021
24.025
24.029
24.033
24.037
24.041
24.045
24.049
24.053
24.057
24.061
24.065
24.069
24.073
24.078
24.082
24.086
24.090
24.094
24.098
24.102
24.106
24.110
24.114
24.118
24.122
24.126
24.130
24.134
24.138
24.142
24.146
24.150
24.154
24.158
24.162
24.166
24.171
24.175
24.179
24.183
24.187
24.191
24.195
24.199
24.203
24.207
24.211
24.215
24.219
24.223
24.227
24.231
24.235
24.239
24.243
24.247
24.251
24.255
24.260
24.264
24.268
24.272
24.276
24.280
24.284
24.288
24.292
24.296
24.300
24.304
24.308
24.312
24.316
24.320
24.324
24.328
24.332
24.336
24.340
24.344
24.349
24.353
24.357
24.361
24.365
24.369
24.373
24.377
24.381
24.385
24.389
24.393
24.397
24.401
24.405
24.409
24.413
24.417
24.421
24.425
24.429
24.433
24.437
24.442
24.446
24.450
24.454
24.458
24.462
24.466
24.470
24.474
24.478
24.482
24.486
24.490
24.494
24.498
24.502
24.506
24.510
24.514
24.518
24.522
24.526
24.531
24.535
24.539
24.543
24.547
24.551
24.555
24.559
24.563
24.567
24.571
24.575
24.579
24.583
24.587
24.591
24.595
24.599
24.603
24.607
24.611
24.615
24.620
24.624
24.628
24.632
24.636
24.640
24.644
24.648
24.652
24.656
24.660
24.664
24.668
24.672
24.676
24.680
24.684
24.688
24.692
24.696
24.700
24.704
24.709
24.713
24.717
24.721
24.725
24.729
24.733
24.737
24.741
24.745
24.749
24.753
24.757
24.761
24.765
24.769
24.773
24.777
24.781
24.785
24.789
24.793
24.798
24.802
24.806
24.810
24.814
24.818
24.822
24.826
24.830
24.834
24.838
24.842
24.846
24.850
24.854
24.858
24.862
24.866
24.870
24.874
24.878
24.882
24.887
24.891
24.895
24.899
24.903
24.907
24.911
24.915
24.919
24.923
24.927
24.931
24.935
24.939
24.943
24.947
24.951
24.955
24.959
24.963
24.967
24.971
24.976
24.980
24.984
24.988
24.992
24.996
25.000
25.004
25.008
25.012
25.016
25.020
25.024
25.028
25.032
25.036
25.040
25.044
25.048
25.052
25.056
25.060
25.065
25.069
25.073
25.077
25.081
25.085
25.089
25.093
25.097
25.101
25.105
25.109
25.113
25.117
25.121
25.125
25.129
25.133
25.137
25.141
25.145
25.149
25.154
25.158
25.162
25.166
25.170
25.174
25.178
25.182
25.186
25.190
25.194
25.198
25.202
25.206
25.210
25.214
25.218
25.222
25.226
25.230
25.234
25.238
