   75  315
 315      .00000000E+00      .19669501E-05
 314      .19669533E-05      .19073500E-05
 313      .58412552E-05     -.19073500E-05
 312      .78082085E-05      .19669501E-05
 311      .11742115E-04      .38743001E-05
 310      .19550323E-04      .12332200E-03
 309      .15068054E-03      .58609201E-03
 308      .86790323E-03      .12112900E-02
 307      .27964115E-02      .18228900E-02
 306      .65478086E-02      .22808299E-02
 305      .12580037E-01      .21251400E-02
 304      .20737410E-01      .10058900E-02
 303      .29900670E-01      .62322599E-03
 302      .39687157E-01      .35285899E-04
 301      .49508929E-01     -.23096800E-03
 300      .59099734E-01     -.59777498E-03
 299      .68092763E-01     -.30928900E-03
 298      .76776505E-01     -.32967300E-03
 297      .85130572E-01     -.19568201E-03
 296      .93288958E-01     -.55968802E-03
 295      .10088766E+00     -.14483900E-03
 294      .10834152E+00     -.56451600E-03
 293      .11523086E+00     -.10275800E-03
 292      .12201744E+00     -.46283001E-03
 291      .12834120E+00     -.15753500E-03
 290      .13450742E+00     -.30529499E-03
 289      .14036834E+00     -.15842900E-03
 288      .14607084E+00     -.29850000E-03
 287      .15147483E+00     -.97811200E-04
 286      .15678102E+00     -.10669200E-03
 285      .16198051E+00      .55789900E-04
 284      .16723579E+00     -.34636300E-03
 283      .17214471E+00      .12230899E-03
 282      .17717594E+00     -.13995200E-03
 281      .18206722E+00      .29385101E-04
 280      .18698788E+00     -.20349000E-03
 279      .19170505E+00      .15848900E-03
 278      .19658071E+00     -.11938800E-03
 277      .20133698E+00      .25451200E-04
 276      .20611870E+00     -.21529201E-03
 275      .21068513E+00      .25451200E-04
 274      .21527702E+00      .18596600E-04
 273      .21988750E+00     -.80227903E-04
 272      .22441775E+00     -.21517300E-04
 271      .22892648E+00      .14776000E-03
 270      .23358297E+00     -.19669501E-05
 269      .23823750E+00      .75340300E-04
 268      .24296737E+00     -.15753500E-03
 267      .24753970E+00      .13649500E-04
 266      .25212568E+00     -.13887900E-03
 265      .25657278E+00      .11837500E-03
 264      .26113826E+00     -.29206301E-05
 263      .26570082E+00      .32246098E-04
 262      .27029562E+00     -.13989200E-03
 261      .27475053E+00      .22900100E-03
 260      .27943444E+00     -.22900100E-03
 259      .28388935E+00      .15258801E-03
 258      .28849685E+00     -.69379799E-04
 257      .29303497E+00      .85055799E-04
 256      .29765815E+00     -.21034500E-03
 255      .30207098E+00     -.26404899E-04
 254      .30645740E+00      .79274199E-04
 253      .31092310E+00     -.20563601E-04
 252      .31536824E+00     -.11056700E-03
 251      .31970280E+00     -.77307202E-04
 250      .32396007E+00      .78082103E-05
 249      .32822514E+00     -.95367398E-06
 248      .33248925E+00     -.11742100E-03
 247      .33663595E+00      .21034500E-03
 246      .34099299E+00     -.12636200E-04
 245      .34533739E+00      .52750100E-04
 244      .34973454E+00     -.96857497E-04
 243      .35403484E+00      .14680601E-03
 242      .35848194E+00     -.48875800E-05
 241      .36292416E+00      .16337600E-03
 240      .36752975E+00     -.85115404E-04
 239      .37205023E+00     -.44047800E-04
 238      .37652665E+00      .82194798E-04
 237      .38108528E+00      .13303800E-03
 236      .38577694E+00     -.19562199E-03
 235      .39027297E+00     -.17321100E-03
 234      .39459580E+00      .19174800E-03
 233      .39911038E+00     -.38743001E-05
 232      .40362108E+00     -.25451200E-04
 231      .40810633E+00      .13107101E-03
 230      .41272265E+00     -.19663600E-03
 229      .41714233E+00      .12725600E-03
 228      .42168927E+00     -.26524100E-04
 227      .42620969E+00      .59783499E-04
 226      .43078989E+00      .28610200E-05
 225      .43537295E+00     -.18537001E-04
 224      .43993747E+00     -.12725600E-03
 223      .44437474E+00      .16832400E-03
 222      .44898033E+00     -.17023100E-03
 221      .45341569E+00      .19079400E-03
 220      .45804185E+00     -.23192199E-03
 219      .46243608E+00      .81241102E-04
 218      .46691155E+00     -.76353499E-04
 217      .47131068E+00      .64611399E-04
 216      .47577441E+00      .68485700E-04
 215      .48030663E+00     -.56803201E-04
 214      .48478204E+00      .28431399E-04
 213      .48928589E+00     -.74386597E-04
 212      .49371535E+00     -.39100600E-04
 211      .49810570E+00      .21034500E-03
 210      .50270641E+00     -.19961600E-03
 209      .50710750E+00      .17225700E-03
 208      .51168084E+00     -.22512701E-03
 207      .51602906E+00      .12826901E-03
 206      .52050555E+00      .23424600E-04
 205      .52500546E+00      .89049303E-04
 204      .52959442E+00     -.16439000E-03
 203      .53401899E+00      .16534299E-03
 202      .53860891E+00     -.11742100E-03
 201      .54308140E+00      .51915598E-04
 200      .54760581E+00     -.19180799E-03
 199      .55193841E+00      .11843400E-03
 198      .55638945E+00     -.41127201E-04
 197      .56079936E+00     -.21576900E-04
 196      .56518769E+00      .55789900E-04
 195      .56963181E+00      .31351999E-04
 194      .57410729E+00      .51856001E-04
 193      .57863462E+00      .12230899E-03
 192      .58328426E+00     -.44328001E-03
 191      .58749062E+00      .22214701E-03
 190      .59191912E+00      .11736200E-03
 189      .59646499E+00     -.10949400E-03
 188      .60090137E+00     -.45061101E-04
 187      .60529268E+00     -.15676000E-04
 186      .60966831E+00      .23484199E-04
 185      .61406744E+00      .10180500E-03
 184      .61856836E+00     -.26029299E-03
 183      .62280899E+00      .12034200E-03
 182      .62716997E+00     -.61631203E-04
 181      .63146931E+00      .21040400E-03
 180      .63597906E+00     -.14978601E-03
 179      .64033902E+00      .89049303E-04
 178      .64478803E+00     -.48875801E-04
 177      .64918816E+00     -.61631203E-04
 176      .65352666E+00      .26345300E-04
 175      .65789151E+00      .10848000E-04
 174      .66226721E+00      .29325500E-04
 173      .66667223E+00      .26810201E-03
 172      .67134535E+00     -.30040700E-03
 171      .67571807E+00     -.97751599E-05
 170      .68008101E+00      .90956702E-04
 169      .68453491E+00      .88214902E-05
 168      .68899763E+00     -.97811200E-04
 167      .69336253E+00     -.39339102E-05
 166      .69772351E+00     -.65505497E-04
 165      .70201898E+00      .10752700E-03
 164      .70642197E+00     -.23365001E-04
 163      .71080160E+00      .82135201E-04
 162      .71526337E+00     -.17321100E-03
 161      .71955192E+00      .19860300E-03
 160      .72403908E+00     -.14281301E-03
 159      .72838342E+00      .12755400E-04
 158      .73274052E+00      .41067600E-04
 157      .73713869E+00     -.41127201E-04
 156      .74149573E+00      .29802300E-05
 155      .74585575E+00     -.78678104E-05
 154      .75020790E+00     -.54776701E-04
 153      .75450528E+00      .15556801E-03
 152      .75895822E+00     -.10657300E-03
 151      .76330459E+00     -.50008301E-04
 150      .76760095E+00      .17130400E-03
 149      .77206862E+00     -.28431399E-04
 148      .77650785E+00     -.27590999E-03
 147      .78067118E+00      .59723901E-04
 146      .78489423E+00      .57816501E-05
 145      .78912306E+00      .11163900E-03
 144      .79346353E+00     -.83208099E-04
 143      .79772079E+00      .52869302E-04
 142      .80203092E+00      .28312201E-04
 141      .80636936E+00      .59008598E-05
 140      .81071371E+00     -.10764600E-03
 139      .81495041E+00      .77307202E-04
 138      .81926441E+00      .78320503E-04
 137      .82365674E+00     -.16689301E-04
 136      .82803237E+00     -.12695800E-04
 135      .83239532E+00      .14662700E-04
 134      .83677292E+00     -.11545400E-03
 133      .84103507E+00      .11062600E-03
 132      .84540784E+00     -.13512401E-03
 131      .84964550E+00      .22804701E-03
 130      .85411119E+00     -.86128697E-04
 129      .85849077E+00      .48875800E-05
 128      .86287522E+00     -.31214999E-03
 127      .86694753E+00      .78320503E-04
 126      .87109816E+00      .33259399E-04
 125      .87528205E+00      .10269900E-03
 124      .87956864E+00     -.44941899E-04
 123      .88381028E+00      .11539500E-03
 122      .88816732E+00     -.80227903E-04
 121      .89244413E+00      .50962000E-04
 120      .89677191E+00     -.65624699E-04
 119      .90103406E+00      .65565102E-04
 118      .90536177E+00     -.55789900E-04
 117      .90963370E+00      .92983202E-04
 116      .91399860E+00     -.38206599E-04
 115      .91832530E+00     -.11348700E-03
 114      .92253852E+00      .53882599E-04
 113      .92680562E+00     -.20265600E-05
 112      .93107069E+00     -.23382901E-03
 111      .93510193E+00      .16635700E-03
 110      .93929952E+00     -.23543800E-04
 109      .94347358E+00      .17702600E-04
 108      .94766533E+00     -.16546200E-03
 107      .95169163E+00      .65624699E-04
 106      .95578355E+00     -.10663300E-03
 105      .95976883E+00      .13107101E-03
 104      .96388519E+00     -.19860300E-03
 103      .96780294E+00     -.17809900E-03
 102      .97154260E+00     -.13798500E-03
 101      .97514427E+00     -.23967000E-03
 100      .97850627E+00     -.30529499E-03
  99      .98156297E+00     -.19770900E-03
  98      .98442197E+00     -.11342800E-03
  97      .98716754E+00     -.24855099E-03
  96      .98966455E+00     -.42265700E-03
  95      .99173892E+00     -.27501601E-03
  94      .99353826E+00     -.25731299E-03
  93      .99508029E+00     -.22399399E-03
  92      .99639833E+00     -.32687199E-03
  91      .99738950E+00     -.16242301E-03
  90      .99821824E+00     -.23871700E-03
  89      .99880826E+00     -.15950200E-03
  88      .99923879E+00     -.15169400E-03
  87      .99951762E+00     -.88989698E-04
  86      .99970746E+00     -.75399897E-04
  85      .99982190E+00     -.38087401E-04
  84      .99989825E+00     -.27418100E-04
  83      .99994719E+00     -.21576900E-04
  82      .99997455E+00     -.97155598E-05
  81      .99999219E+00     -.14722300E-04
  80      .99999511E+00     -.29206301E-05
  79      .99999511E+00      .95367398E-06
  78      .99999607E+00      .10132800E-05
  77      .99999803E+00     -.95367398E-06
  76      .99999905E+00     -.59604599E-07
  75      .10000000E+01     -.95367398E-06
