   70  295
 295      .00000000E+00      .37550899E-05
 294      .37550926E-05      .39279501E-04
 293      .46789646E-04      .26094899E-03
 292      .35077333E-03      .11700400E-02
 291      .18247962E-02      .22906701E-02
 290      .55894852E-02      .34334699E-02
 289      .12787640E-01      .41182600E-02
 288      .24104059E-01      .14348000E-02
 287      .36855280E-01      .38325801E-04
 286      .49644828E-01     -.71460003E-03
 285      .61719775E-01     -.70804398E-03
 284      .73086679E-01     -.94276702E-03
 283      .83510816E-01     -.11509700E-03
 282      .93819857E-01     -.30112299E-03
 281      .10382777E+00     -.42557699E-03
 280      .11341012E+00     -.37318500E-03
 279      .12261927E+00     -.90718298E-04
 278      .13173771E+00     -.42933199E-03
 277      .14042681E+00     -.56123699E-03
 276      .14855468E+00     -.86229999E-03
 275      .15582025E+00     -.13470600E-03
 274      .16295111E+00     -.42366999E-03
 273      .16965830E+00     -.30028800E-03
 272      .17606521E+00     -.63037901E-03
 271      .18184173E+00     -.12159300E-03
 270      .18749666E+00     -.34135600E-03
 269      .19281024E+00      .11402400E-03
 268      .19823784E+00     -.24777700E-03
 267      .20341766E+00     -.27972501E-03
 266      .20831776E+00      .14316999E-03
 265      .21336102E+00     -.19830500E-03
 264      .21820599E+00     -.22471000E-04
 263      .22302848E+00      .10252000E-04
 262      .22786123E+00      .11324900E-04
 261      .23270530E+00     -.88930101E-04
 260      .23746043E+00     -.15902500E-03
 259      .24205655E+00      .33736200E-04
 258      .24668640E+00     -.56624399E-05
 257      .25131059E+00      .47087701E-05
 256      .25593948E+00     -.13935599E-03
 255      .26042902E+00      .18984100E-03
 254      .26510841E+00      .65565100E-05
 253      .26979434E+00      .22471000E-04
 252      .27450275E+00     -.29087099E-03
 251      .27892029E+00      .94413801E-04
 250      .28343225E+00     -.10097000E-03
 249      .28784323E+00      .77605197E-04
 248      .29233181E+00     -.11038800E-03
 247      .29671001E+00     -.56088000E-04
 246      .30103213E+00     -.14215701E-03
 245      .30521208E+00      .18656299E-04
 244      .30941069E+00     -.10752700E-03
 243      .31350178E+00     -.14007100E-04
 242      .31757885E+00      .84042504E-05
 241      .32166433E+00      .62644503E-04
 240      .32581246E+00     -.56147601E-04
 239      .32990444E+00      .10013600E-03
 238      .33409655E+00      .35524401E-04
 237      .33832419E+00      .53286600E-04
 236      .34260511E+00      .13285900E-03
 235      .34701890E+00      .90718298E-04
 234      .35152340E+00     -.43034601E-04
 233      .35598487E+00      .11503700E-03
 232      .36056137E+00     -.19544399E-03
 231      .36494243E+00      .13929600E-03
 230      .36946279E+00     -.12344100E-03
 229      .37385970E+00      .38385399E-04
 228      .37829500E+00      .20563601E-04
 227      .38275087E+00     -.49591101E-04
 226      .38715714E+00      .12910400E-03
 225      .39169252E+00      .97215197E-04
 224      .39632511E+00     -.22256401E-03
 223      .40073514E+00      .23382901E-03
 222      .40537900E+00     -.47683701E-04
 221      .40997517E+00     -.14591200E-03
 220      .41442543E+00     -.12069900E-03
 219      .41875499E+00      .50544699E-04
 218      .42313510E+00      .91612303E-04
 217      .42760682E+00      .10484500E-03
 216      .43218338E+00     -.98288103E-04
 215      .43666166E+00     -.11783800E-03
 214      .44102210E+00      .88870504E-04
 213      .44547141E+00      .95427000E-04
 212      .45001614E+00     -.74863397E-04
 211      .45448601E+00      .30875199E-04
 210      .45898676E+00     -.89764602E-04
 209      .46339774E+00      .62644503E-04
 208      .46787137E+00     -.47087701E-05
 207      .47234029E+00      .39339098E-04
 206      .47684854E+00      .28014199E-05
 205      .48135960E+00      .58889400E-04
 204      .48592955E+00     -.20575500E-03
 203      .49029374E+00      .17762201E-04
 202      .49467570E+00      .80466300E-04
 201      .49913812E+00     -.87022803E-04
 200      .50351351E+00      .36477999E-04
 199      .50792539E+00     -.11402400E-03
 198      .51222324E+00      .19073499E-03
 197      .51671183E+00     -.78558900E-04
 196      .52112186E+00     -.13196500E-03
 195      .52539992E+00      .81539198E-04
 194      .52975953E+00      .12707700E-03
 193      .53424621E+00     -.18048300E-03
 192      .53855240E+00      .73909803E-04
 191      .54293251E+00      .65445900E-04
 190      .54737806E+00     -.56088000E-04
 189      .55176753E+00      .46730001E-04
 188      .55620372E+00     -.11593100E-03
 187      .56052399E+00      .65445900E-04
 186      .56490970E+00     -.11038800E-03
 185      .56918502E+00      .98228498E-04
 184      .57355857E+00     -.19270201E-03
 183      .57773942E+00      .31828898E-04
 182      .58195210E+00     -.34630299E-04
 181      .58613014E+00      .95367398E-06
 180      .59030914E+00     -.74803800E-04
 179      .59441334E+00      .45776400E-04
 178      .59856331E+00      .47743299E-04
 177      .60276103E+00      .16653500E-03
 176      .60712528E+00     -.17690699E-03
 175      .61131263E+00      .20027200E-03
 174      .61570024E+00     -.29921501E-04
 173      .62005794E+00     -.12075900E-03
 172      .62429488E+00     -.62584899E-04
 171      .62846923E+00      .95367403E-04
 170      .63273895E+00     -.30875199E-04
 169      .63697779E+00      .43034601E-04
 168      .64125967E+00     -.84042504E-05
 167      .64553314E+00      .49591101E-04
 166      .64985621E+00     -.48696998E-04
 165      .65413058E+00      .17213800E-03
 164      .65857708E+00     -.23663000E-03
 163      .66278696E+00      .10848000E-03
 162      .66710532E+00      .52392501E-04
 161      .67147607E+00     -.12159300E-03
 160      .67572522E+00      .24318701E-04
 159      .67999870E+00      .36477999E-04
 158      .68430865E+00      .91612303E-04
 157      .68871021E+00     -.79393401E-04
 156      .69303238E+00     -.68366498E-04
 155      .69728619E+00      .72956100E-04
 154      .70161295E+00     -.14400500E-03
 153      .70579571E+00      .16552200E-03
 152      .71014398E+00     -.19544399E-03
 151      .71429682E+00      .15705801E-03
 150      .71860671E+00     -.22351700E-04
 149      .72289425E+00     -.11265300E-04
 148      .72717053E+00      .22471000E-04
 147      .73146927E+00     -.59604599E-07
 146      .73576796E+00     -.21457699E-04
 145      .74004519E+00      .12433500E-03
 144      .74444675E+00     -.15521000E-03
 143      .74869311E+00     -.12159300E-04
 142      .75292730E+00     -.19073500E-05
 141      .75715959E+00      .59008598E-04
 140      .76145089E+00     -.10389100E-03
 139      .76563829E+00      .14126299E-03
 138      .76996696E+00     -.55253498E-04
 137      .77424037E+00      .25331999E-04
 136      .77853912E+00     -.16182700E-03
 135      .78267604E+00      .12815000E-03
 134      .78694111E+00      .54180600E-04
 133      .79126036E+00     -.11032800E-03
 132      .79546928E+00      .52452098E-04
 131      .79973066E+00     -.33736200E-04
 130      .80395830E+00      .57041601E-04
 129      .80824298E+00      .32722899E-04
 128      .81256038E+00     -.21600700E-03
 127      .81666178E+00      .76651602E-04
 126      .82083982E+00      .13566000E-03
 125      .82515353E+00     -.12069900E-03
 124      .82934654E+00      .10293700E-03
 123      .83364248E+00     -.10854000E-03
 122      .83782989E+00     -.14960800E-04
 121      .84200233E+00      .52392501E-04
 120      .84622717E+00      .67293600E-04
 119      .85051930E+00     -.59783499E-04
 118      .85475165E+00     -.31828898E-04
 117      .85895216E+00      .50485101E-04
 116      .86320317E+00     -.42974902E-04
 115      .86741120E+00     -.46849302E-04
 114      .87157238E+00      .11980500E-03
 113      .87585336E+00      .10657300E-03
 112      .88024092E+00     -.29176500E-03
 111      .88433671E+00      .70095099E-04
 110      .88850260E+00      .21517300E-04
 109      .89269000E+00     -.94413801E-04
 108      .89678299E+00     -.78618497E-04
 107      .90079737E+00      .24318701E-04
 106      .90483606E+00      .15997900E-03
 105      .90903473E+00     -.43094198E-04
 104      .91319031E+00     -.11593100E-03
 103      .91722995E+00      .17863500E-03
 102      .92144823E+00      .47087701E-05
 101      .92567122E+00      .12099700E-04
 100      .92990631E+00     -.11873200E-03
  99      .93402267E+00     -.49591101E-04
  98      .93808943E+00     -.33676599E-04
  97      .94212252E+00      .20951001E-03
  96      .94636512E+00     -.16182700E-03
  95      .95044589E+00      .28610200E-05
  94      .95452952E+00     -.83267703E-04
  93      .95852989E+00      .10252000E-04
  92      .96254051E+00      .59902701E-04
  91      .96661103E+00     -.12815000E-03
  90      .97055340E+00     -.84221399E-04
  89      .97441155E+00     -.85055799E-04
  88      .97818464E+00     -.32925600E-03
  87      .98162848E+00     -.45836001E-04
  86      .98502648E+00     -.38439000E-03
  85      .98804009E+00     -.38534400E-03
  84      .99066836E+00     -.37324399E-03
  83      .99292338E+00     -.36847600E-03
  82      .99480993E+00     -.42653101E-03
  81      .99626994E+00     -.24688200E-03
  80      .99748307E+00     -.38725100E-03
  79      .99830896E+00     -.18894700E-03
  78      .99894589E+00     -.21886799E-03
  77      .99936396E+00     -.14400500E-03
  76      .99963802E+00     -.12344100E-03
  75      .99978864E+00     -.42140498E-04
  74      .99989712E+00     -.54240201E-04
  73      .99995136E+00     -.29921501E-04
  72      .99997568E+00     -.46491600E-05
  71      .99999535E+00     -.15020400E-04
  70      .10000000E+01     -.46491600E-05
