  100  500
 500     1.9303e-06     2.5019e-03
 499     4.5041e-06     2.5026e-03
 498     5.1475e-06     2.5006e-03
 497     6.4344e-06     2.5013e-03
 496     7.0778e-06     2.5006e-03
 495     1.0295e-05     2.5032e-03
 494     1.2869e-05     2.5026e-03
 493     1.4799e-05     2.5019e-03
 492     1.5443e-05     2.5006e-03
 491     1.6729e-05     2.5013e-03
 490     1.9303e-05     2.5026e-03
 489     1.9947e-05     2.5006e-03
 488     2.0590e-05     2.5006e-03
 487     2.0590e-05     2.5000e-03
 486     2.3807e-05     2.5032e-03
 485     2.5094e-05     2.5013e-03
 484     2.5738e-05     2.5006e-03
 483     2.7024e-05     2.5013e-03
 482     2.9598e-05     2.5026e-03
 481     2.9598e-05     2.5000e-03
 480     3.4102e-05     2.5045e-03
 479     3.5389e-05     2.5013e-03
 478     3.5389e-05     2.5000e-03
 477     3.5389e-05     2.5000e-03
 476     3.7320e-05     2.5019e-03
 475     3.9250e-05     2.5019e-03
 474     4.1824e-05     2.5026e-03
 473     4.3754e-05     2.5019e-03
 472     4.5684e-05     2.5019e-03
 471     4.7615e-05     2.5019e-03
 470     4.9545e-05     2.5019e-03
 469     5.0188e-05     2.5006e-03
 468     5.3406e-05     2.5032e-03
 467     5.4692e-05     2.5013e-03
 466     5.5979e-05     2.5013e-03
 465     5.8553e-05     2.5026e-03
 464     5.9840e-05     2.5013e-03
 463     6.3057e-05     2.5032e-03
 462     6.4988e-05     2.5019e-03
 461     6.4988e-05     2.5000e-03
 460     6.7561e-05     2.5026e-03
 459     6.9491e-05     2.5019e-03
 458     7.1422e-05     2.5019e-03
 457     7.2709e-05     2.5013e-03
 456     7.3996e-05     2.5013e-03
 455     7.6569e-05     2.5026e-03
 454     7.8500e-05     2.5019e-03
 453     8.0430e-05     2.5019e-03
 452     8.1073e-05     2.5006e-03
 451     8.3004e-05     2.5019e-03
 450     8.4934e-05     2.5019e-03
 449     8.6221e-05     2.5013e-03
 448     8.8795e-05     2.5026e-03
 447     9.1369e-05     2.5026e-03
 446     9.3299e-05     2.5019e-03
 445     9.5229e-05     2.5019e-03
 444     9.7803e-05     2.5026e-03
 443     1.0166e-04     2.5039e-03
 442     1.0359e-04     2.5019e-03
 441     1.0488e-04     2.5013e-03
 440     1.0681e-04     2.5019e-03
 439     1.0938e-04     2.5026e-03
 438     1.1003e-04     2.5006e-03
 437     1.1132e-04     2.5013e-03
 436     1.1453e-04     2.5032e-03
 435     1.1711e-04     2.5026e-03
 434     1.1904e-04     2.5019e-03
 433     1.2097e-04     2.5019e-03
 432     1.2161e-04     2.5006e-03
 431     1.2290e-04     2.5013e-03
 430     1.2547e-04     2.5026e-03
 429     1.2740e-04     2.5019e-03
 428     1.2933e-04     2.5019e-03
 427     1.3126e-04     2.5019e-03
 426     1.3319e-04     2.5019e-03
 425     1.3512e-04     2.5019e-03
 424     1.3641e-04     2.5013e-03
 423     1.3770e-04     2.5013e-03
 422     1.4027e-04     2.5026e-03
 421     1.4477e-04     2.5045e-03
 420     1.4735e-04     2.5026e-03
 419     1.4735e-04     2.5000e-03
 418     1.4735e-04     2.5000e-03
 417     1.4863e-04     2.5013e-03
 416     1.4928e-04     2.5006e-03
 415     1.5056e-04     2.5013e-03
 414     1.5185e-04     2.5013e-03
 413     1.5249e-04     2.5006e-03
 412     1.5507e-04     2.5026e-03
 411     1.5893e-04     2.5039e-03
 410     1.5957e-04     2.5006e-03
 409     1.6022e-04     2.5006e-03
 408     1.6086e-04     2.5006e-03
 407     1.6150e-04     2.5006e-03
 406     1.6279e-04     2.5013e-03
 405     1.6536e-04     2.5026e-03
 404     1.6536e-04     2.5000e-03
 403     1.6794e-04     2.5026e-03
 402     1.6923e-04     2.5013e-03
 401     1.7051e-04     2.5013e-03
 400     1.7180e-04     2.5013e-03
 399     1.7373e-04     2.5019e-03
 398     1.7437e-04     2.5006e-03
 397     1.7566e-04     2.5013e-03
 396     1.7695e-04     2.5013e-03
 395     1.7759e-04     2.5006e-03
 394     1.7952e-04     2.5019e-03
 393     1.8081e-04     2.5013e-03
 392     1.8274e-04     2.5019e-03
 391     1.8402e-04     2.5013e-03
 390     1.8660e-04     2.5026e-03
 389     1.8724e-04     2.5006e-03
 388     1.8724e-04     2.5000e-03
 387     1.8724e-04     2.5000e-03
 386     1.8788e-04     2.5006e-03
 385     1.9046e-04     2.5026e-03
 384     1.9303e-04     2.5026e-03
 383     1.9368e-04     2.5006e-03
 382     1.9561e-04     2.5019e-03
 381     1.9754e-04     2.5019e-03
 380     1.9882e-04     2.5013e-03
 379     2.0011e-04     2.5013e-03
 378     2.0204e-04     2.5019e-03
 377     2.0461e-04     2.5026e-03
 376     2.0719e-04     2.5026e-03
 375     2.0848e-04     2.5013e-03
 374     2.0976e-04     2.5013e-03
 373     2.1040e-04     2.5006e-03
 372     2.1105e-04     2.5006e-03
 371     2.1298e-04     2.5019e-03
 370     2.1427e-04     2.5013e-03
 369     2.1427e-04     2.5000e-03
 368     2.1555e-04     2.5013e-03
 367     2.1555e-04     2.5000e-03
 366     2.1620e-04     2.5006e-03
 365     2.1877e-04     2.5026e-03
 364     2.1941e-04     2.5006e-03
 363     2.2006e-04     2.5006e-03
 362     2.2070e-04     2.5006e-03
 361     2.2134e-04     2.5006e-03
 360     2.2327e-04     2.5019e-03
 359     2.2392e-04     2.5006e-03
 358     2.2520e-04     2.5013e-03
 357     2.2520e-04     2.5000e-03
 356     2.2585e-04     2.5006e-03
 355     2.2907e-04     2.5032e-03
 354     2.3100e-04     2.5019e-03
 353     2.3293e-04     2.5019e-03
 352     2.3357e-04     2.5006e-03
 351     2.3550e-04     2.5019e-03
 350     2.3614e-04     2.5006e-03
 349     2.3679e-04     2.5006e-03
 348     2.3743e-04     2.5006e-03
 347     2.3743e-04     2.5000e-03
 346     2.4129e-04     2.5039e-03
 345     2.4322e-04     2.5019e-03
 344     2.4451e-04     2.5013e-03
 343     2.4708e-04     2.5026e-03
 342     2.4901e-04     2.5019e-03
 341     2.5030e-04     2.5013e-03
 340     2.5094e-04     2.5006e-03
 339     2.5545e-04     2.5045e-03
 338     2.5738e-04     2.5019e-03
 337     2.6059e-04     2.5032e-03
 336     2.6124e-04     2.5006e-03
 335     2.6317e-04     2.5019e-03
 334     2.6381e-04     2.5006e-03
 333     2.6510e-04     2.5013e-03
 332     2.6896e-04     2.5039e-03
 331     2.6960e-04     2.5006e-03
 330     2.7025e-04     2.5006e-03
 329     2.7153e-04     2.5013e-03
 328     2.7346e-04     2.5019e-03
 327     2.7475e-04     2.5013e-03
 326     2.7475e-04     2.5000e-03
 325     2.7539e-04     2.5006e-03
 324     2.8762e-04     2.5122e-03
 323     4.3497e-04     2.6474e-03
 322     1.3171e-03     3.3822e-03
 321     4.1084e-03     5.2912e-03
 320     9.8627e-03     8.2543e-03
 319     1.9065e-02     1.1702e-02
 318     3.1032e-02     1.4467e-02
 317     4.4333e-02     1.5801e-02
 316     5.7715e-02     1.5882e-02
 315     7.0139e-02     1.4924e-02
 314     8.1635e-02     1.3996e-02
 313     9.2596e-02     1.3461e-02
 312     1.0329e-01     1.3194e-02
 311     1.1330e-01     1.2505e-02
 310     1.2331e-01     1.2511e-02
 309     1.3274e-01     1.1936e-02
 308     1.4175e-01     1.1504e-02
 307     1.5000e-01     1.0756e-02
 306     1.5776e-01     1.0261e-02
 305     1.6501e-01     9.7516e-03
 304     1.7186e-01     9.3398e-03
 303     1.7820e-01     8.8430e-03
 302     1.8434e-01     8.6429e-03
 301     1.9021e-01     8.3707e-03
 300     1.9588e-01     8.1681e-03
 299     2.0134e-01     7.9641e-03
 298     2.0663e-01     7.7826e-03
 297     2.1188e-01     7.7543e-03
 296     2.1705e-01     7.6668e-03
 295     2.2198e-01     7.4358e-03
 294     2.2692e-01     7.4416e-03
 293     2.3180e-01     7.3702e-03
 292     2.3663e-01     7.3322e-03
 291     2.4133e-01     7.2023e-03
 290     2.4609e-01     7.2634e-03
 289     2.5079e-01     7.1958e-03
 288     2.5546e-01     7.1675e-03
 287     2.6003e-01     7.0761e-03
 286     2.6470e-01     7.1649e-03
 285     2.6931e-01     7.1103e-03
 284     2.7394e-01     7.1341e-03
 283     2.7846e-01     7.0221e-03
 282     2.8305e-01     7.0884e-03
 281     2.8770e-01     7.1443e-03
 280     2.9232e-01     7.1244e-03
 279     2.9676e-01     6.9410e-03
 278     3.0124e-01     6.9835e-03
 277     3.0560e-01     6.8509e-03
 276     3.0992e-01     6.8252e-03
 275     3.1412e-01     6.7004e-03
 274     3.1838e-01     6.7551e-03
 273     3.2259e-01     6.7100e-03
 272     3.2673e-01     6.6399e-03
 271     3.3087e-01     6.6412e-03
 270     3.3507e-01     6.7023e-03
 269     3.3932e-01     6.7519e-03
 268     3.4379e-01     6.9680e-03
 267     3.4804e-01     6.7519e-03
 266     3.5256e-01     7.0144e-03
 265     3.5713e-01     7.0684e-03
 264     3.6165e-01     7.0260e-03
 263     3.6600e-01     6.8497e-03
 262     3.7048e-01     6.9809e-03
 261     3.7500e-01     7.0150e-03
 260     3.7960e-01     7.0987e-03
 259     3.8399e-01     6.9005e-03
 258     3.8851e-01     7.0131e-03
 257     3.9295e-01     6.9455e-03
 256     3.9746e-01     7.0034e-03
 255     4.0189e-01     6.9365e-03
 254     4.0638e-01     6.9835e-03
 253     4.1087e-01     6.9912e-03
 252     4.1544e-01     7.0678e-03
 251     4.1989e-01     6.9571e-03
 250     4.2443e-01     7.0324e-03
 249     4.2892e-01     6.9983e-03
 248     4.3339e-01     6.9635e-03
 247     4.3784e-01     6.9507e-03
 246     4.4228e-01     6.9410e-03
 245     4.4675e-01     6.9687e-03
 244     4.5126e-01     7.0137e-03
 243     4.5569e-01     6.9307e-03
 242     4.6020e-01     7.0086e-03
 241     4.6471e-01     7.0079e-03
 240     4.6928e-01     7.0697e-03
 239     4.7371e-01     6.9314e-03
 238     4.7821e-01     7.0028e-03
 237     4.8272e-01     7.0073e-03
 236     4.8720e-01     6.9809e-03
 235     4.9155e-01     6.8445e-03
 234     4.9606e-01     7.0170e-03
 233     5.0049e-01     6.9262e-03
 232     5.0489e-01     6.9024e-03
 231     5.0930e-01     6.9082e-03
 230     5.1370e-01     6.9024e-03
 229     5.1809e-01     6.8915e-03
 228     5.2257e-01     6.9771e-03
 227     5.2699e-01     6.9236e-03
 226     5.3147e-01     6.9719e-03
 225     5.3590e-01     6.9352e-03
 224     5.4043e-01     7.0324e-03
 223     5.4473e-01     6.7995e-03
 222     5.4923e-01     6.9951e-03
 221     5.5358e-01     6.8548e-03
 220     5.5794e-01     6.8600e-03
 219     5.6217e-01     6.7274e-03
 218     5.6648e-01     6.8072e-03
 217     5.7087e-01     6.8960e-03
 216     5.7529e-01     6.9179e-03
 215     5.7952e-01     6.7293e-03
 214     5.8385e-01     6.8323e-03
 213     5.8808e-01     6.7281e-03
 212     5.9240e-01     6.8233e-03
 211     5.9658e-01     6.6740e-03
 210     6.0082e-01     6.7454e-03
 209     6.0507e-01     6.7435e-03
 208     6.0939e-01     6.8233e-03
 207     6.1366e-01     6.7692e-03
 206     6.1802e-01     6.8600e-03
 205     6.2221e-01     6.6875e-03
 204     6.2653e-01     6.8233e-03
 203     6.3074e-01     6.7094e-03
 202     6.3507e-01     6.8265e-03
 201     6.3937e-01     6.8008e-03
 200     6.4373e-01     6.8606e-03
 199     6.4801e-01     6.7808e-03
 198     6.5241e-01     6.9005e-03
 197     6.5668e-01     6.7737e-03
 196     6.6100e-01     6.8226e-03
 195     6.6528e-01     6.7770e-03
 194     6.6951e-01     6.7281e-03
 193     6.7379e-01     6.7770e-03
 192     6.7818e-01     6.8928e-03
 191     6.8246e-01     6.7827e-03
 190     6.8679e-01     6.8278e-03
 189     6.9107e-01     6.7757e-03
 188     6.9530e-01     6.7390e-03
 187     6.9966e-01     6.8587e-03
 186     7.0398e-01     6.8136e-03
 185     7.0831e-01     6.8291e-03
 184     7.1267e-01     6.8683e-03
 183     7.1693e-01     6.7506e-03
 182     7.2124e-01     6.8168e-03
 181     7.2553e-01     6.7905e-03
 180     7.2987e-01     6.8336e-03
 179     7.3409e-01     6.7268e-03
 178     7.3830e-01     6.7023e-03
 177     7.4266e-01     6.8664e-03
 176     7.4707e-01     6.9121e-03
 175     7.5129e-01     6.7132e-03
 174     7.5556e-01     6.7724e-03
 173     7.5981e-01     6.7519e-03
 172     7.6415e-01     6.8342e-03
 171     7.6834e-01     6.6946e-03
 170     7.7260e-01     6.7583e-03
 169     7.7676e-01     6.6618e-03
 168     7.8106e-01     6.8014e-03
 167     7.8522e-01     6.6586e-03
 166     7.8946e-01     6.7441e-03
 165     7.9373e-01     6.7686e-03
 164     7.9807e-01     6.8323e-03
 163     8.0231e-01     6.7454e-03
 162     8.0658e-01     6.7692e-03
 161     8.1086e-01     6.7847e-03
 160     8.1523e-01     6.8645e-03
 159     8.1941e-01     6.6766e-03
 158     8.2360e-01     6.6946e-03
 157     8.2782e-01     6.7222e-03
 156     8.3205e-01     6.7242e-03
 155     8.3624e-01     6.6933e-03
 154     8.4050e-01     6.7615e-03
 153     8.4471e-01     6.7132e-03
 152     8.4899e-01     6.7776e-03
 151     8.5312e-01     6.6302e-03
 150     8.5737e-01     6.7506e-03
 149     8.6150e-01     6.6238e-03
 148     8.6571e-01     6.7100e-03
 147     8.6990e-01     6.6952e-03
 146     8.7403e-01     6.6309e-03
 145     8.7823e-01     6.6959e-03
 144     8.8246e-01     6.7287e-03
 143     8.8657e-01     6.6116e-03
 142     8.9077e-01     6.7042e-03
 141     8.9486e-01     6.5833e-03
 140     8.9913e-01     6.7699e-03
 139     9.0323e-01     6.6077e-03
 138     9.0738e-01     6.6489e-03
 137     9.1152e-01     6.6399e-03
 136     9.1578e-01     6.7531e-03
 135     9.1990e-01     6.6251e-03
 134     9.2414e-01     6.7422e-03
 133     9.2833e-01     6.6882e-03
 132     9.3260e-01     6.7679e-03
 131     9.3673e-01     6.6302e-03
 130     9.4091e-01     6.6856e-03
 129     9.4502e-01     6.6006e-03
 128     9.4909e-01     6.5781e-03
 127     9.5315e-01     6.5556e-03
 126     9.5730e-01     6.6463e-03
 125     9.6143e-01     6.6380e-03
 124     9.6556e-01     6.6219e-03
 123     9.6948e-01     6.4250e-03
 122     9.7336e-01     6.3774e-03
 121     9.7711e-01     6.2545e-03
 120     9.8077e-01     6.1535e-03
 119     9.8420e-01     5.9353e-03
 118     9.8728e-01     5.5834e-03
 117     9.9002e-01     5.2385e-03
 116     9.9236e-01     4.8363e-03
 115     9.9431e-01     4.4496e-03
 114     9.9594e-01     4.1260e-03
 113     9.9715e-01     3.7187e-03
 112     9.9811e-01     3.4607e-03
 111     9.9878e-01     3.1615e-03
 110     9.9923e-01     2.9549e-03
 109     9.9952e-01     2.7915e-03
 108     9.9971e-01     2.6866e-03
 107     9.9983e-01     2.6235e-03
 106     9.9990e-01     2.5682e-03
 105     9.9994e-01     2.5367e-03
 104     9.9996e-01     2.5180e-03
 103     9.9997e-01     2.5180e-03
 102     9.9998e-01     2.5077e-03
 101     9.9999e-01     2.5122e-03
 100     1.0000e+00     2.5122e-03
