  100  500
 500     0.0000e+00     2.5000e-03
 499     7.7321e-07     2.5008e-03
 498     7.7321e-07     2.5000e-03
 497     7.7321e-07     2.5000e-03
 496     7.7321e-07     2.5000e-03
 495     1.5464e-06     2.5008e-03
 494     3.0928e-06     2.5015e-03
 493     3.0928e-06     2.5000e-03
 492     4.6392e-06     2.5015e-03
 491     5.4125e-06     2.5008e-03
 490     5.4125e-06     2.5000e-03
 489     5.4125e-06     2.5000e-03
 488     5.4125e-06     2.5000e-03
 487     7.7321e-06     2.5023e-03
 486     7.7321e-06     2.5000e-03
 485     7.7321e-06     2.5000e-03
 484     7.7321e-06     2.5000e-03
 483     7.7321e-06     2.5000e-03
 482     8.5053e-06     2.5008e-03
 481     8.5053e-06     2.5000e-03
 480     9.2785e-06     2.5008e-03
 479     1.0052e-05     2.5008e-03
 478     1.0825e-05     2.5008e-03
 477     1.0825e-05     2.5000e-03
 476     1.1598e-05     2.5008e-03
 475     1.1598e-05     2.5000e-03
 474     1.1598e-05     2.5000e-03
 473     1.2371e-05     2.5008e-03
 472     1.3918e-05     2.5015e-03
 471     1.4691e-05     2.5008e-03
 470     1.4691e-05     2.5000e-03
 469     1.4691e-05     2.5000e-03
 468     1.5464e-05     2.5008e-03
 467     1.5464e-05     2.5000e-03
 466     1.6237e-05     2.5008e-03
 465     1.6237e-05     2.5000e-03
 464     1.6237e-05     2.5000e-03
 463     1.7011e-05     2.5008e-03
 462     1.7011e-05     2.5000e-03
 461     1.7011e-05     2.5000e-03
 460     1.7011e-05     2.5000e-03
 459     1.7011e-05     2.5000e-03
 458     1.7011e-05     2.5000e-03
 457     1.7784e-05     2.5008e-03
 456     1.7784e-05     2.5000e-03
 455     1.7784e-05     2.5000e-03
 454     1.8557e-05     2.5008e-03
 453     1.8557e-05     2.5000e-03
 452     1.8557e-05     2.5000e-03
 451     2.0103e-05     2.5015e-03
 450     2.0877e-05     2.5008e-03
 449     2.2423e-05     2.5015e-03
 448     2.2423e-05     2.5000e-03
 447     2.2423e-05     2.5000e-03
 446     2.3969e-05     2.5015e-03
 445     2.3969e-05     2.5000e-03
 444     2.4743e-05     2.5008e-03
 443     2.6289e-05     2.5015e-03
 442     2.7062e-05     2.5008e-03
 441     2.7835e-05     2.5008e-03
 440     2.7835e-05     2.5000e-03
 439     2.7835e-05     2.5000e-03
 438     2.7835e-05     2.5000e-03
 437     2.8609e-05     2.5008e-03
 436     2.9382e-05     2.5008e-03
 435     3.0928e-05     2.5015e-03
 434     3.1702e-05     2.5008e-03
 433     3.2475e-05     2.5008e-03
 432     3.4794e-05     2.5023e-03
 431     3.4794e-05     2.5000e-03
 430     3.4794e-05     2.5000e-03
 429     3.4794e-05     2.5000e-03
 428     3.5568e-05     2.5008e-03
 427     3.5568e-05     2.5000e-03
 426     3.5568e-05     2.5000e-03
 425     3.5568e-05     2.5000e-03
 424     3.5568e-05     2.5000e-03
 423     3.5568e-05     2.5000e-03
 422     3.5568e-05     2.5000e-03
 421     3.7114e-05     2.5015e-03
 420     3.7887e-05     2.5008e-03
 419     3.7887e-05     2.5000e-03
 418     3.8660e-05     2.5008e-03
 417     4.0980e-05     2.5023e-03
 416     4.0980e-05     2.5000e-03
 415     4.0980e-05     2.5000e-03
 414     4.1753e-05     2.5008e-03
 413     4.2526e-05     2.5008e-03
 412     4.3300e-05     2.5008e-03
 411     4.4073e-05     2.5008e-03
 410     4.4073e-05     2.5000e-03
 409     4.6392e-05     2.5023e-03
 408     4.6392e-05     2.5000e-03
 407     4.6392e-05     2.5000e-03
 406     4.7166e-05     2.5008e-03
 405     4.7166e-05     2.5000e-03
 404     4.9485e-05     2.5023e-03
 403     5.1032e-05     2.5015e-03
 402     5.1805e-05     2.5008e-03
 401     5.3351e-05     2.5015e-03
 400     5.3351e-05     2.5000e-03
 399     5.4124e-05     2.5008e-03
 398     5.5671e-05     2.5015e-03
 397     5.6444e-05     2.5008e-03
 396     5.6444e-05     2.5000e-03
 395     5.7217e-05     2.5008e-03
 394     5.7990e-05     2.5008e-03
 393     5.7990e-05     2.5000e-03
 392     5.7990e-05     2.5000e-03
 391     5.8764e-05     2.5008e-03
 390     6.0310e-05     2.5015e-03
 389     6.1857e-05     2.5015e-03
 388     6.1857e-05     2.5000e-03
 387     6.1857e-05     2.5000e-03
 386     6.2630e-05     2.5008e-03
 385     6.3403e-05     2.5008e-03
 384     6.4949e-05     2.5015e-03
 383     6.6496e-05     2.5015e-03
 382     6.8042e-05     2.5015e-03
 381     6.8815e-05     2.5008e-03
 380     6.8815e-05     2.5000e-03
 379     6.8815e-05     2.5000e-03
 378     6.8815e-05     2.5000e-03
 377     6.8815e-05     2.5000e-03
 376     6.8815e-05     2.5000e-03
 375     6.9589e-05     2.5008e-03
 374     7.0362e-05     2.5008e-03
 373     7.0362e-05     2.5000e-03
 372     7.0362e-05     2.5000e-03
 371     7.0362e-05     2.5000e-03
 370     7.0362e-05     2.5000e-03
 369     7.1135e-05     2.5008e-03
 368     7.1908e-05     2.5008e-03
 367     7.1908e-05     2.5000e-03
 366     7.3455e-05     2.5015e-03
 365     7.3455e-05     2.5000e-03
 364     7.3455e-05     2.5000e-03
 363     7.3455e-05     2.5000e-03
 362     7.4228e-05     2.5008e-03
 361     7.4228e-05     2.5000e-03
 360     7.5001e-05     2.5008e-03
 359     7.5001e-05     2.5000e-03
 358     7.6548e-05     2.5015e-03
 357     7.6548e-05     2.5000e-03
 356     7.6548e-05     2.5000e-03
 355     7.6548e-05     2.5000e-03
 354     7.6548e-05     2.5000e-03
 353     7.8867e-05     2.5023e-03
 352     7.8867e-05     2.5000e-03
 351     7.9640e-05     2.5008e-03
 350     8.0413e-05     2.5008e-03
 349     8.0413e-05     2.5000e-03
 348     8.0413e-05     2.5000e-03
 347     8.0413e-05     2.5000e-03
 346     8.0413e-05     2.5000e-03
 345     8.0413e-05     2.5000e-03
 344     8.1187e-05     2.5008e-03
 343     8.1960e-05     2.5008e-03
 342     8.1960e-05     2.5000e-03
 341     8.1960e-05     2.5000e-03
 340     8.4280e-05     2.5023e-03
 339     8.5053e-05     2.5008e-03
 338     8.7372e-05     2.5023e-03
 337     8.9692e-05     2.5023e-03
 336     9.1238e-05     2.5015e-03
 335     9.1238e-05     2.5000e-03
 334     9.1238e-05     2.5000e-03
 333     9.1238e-05     2.5000e-03
 332     9.2012e-05     2.5008e-03
 331     9.2012e-05     2.5000e-03
 330     9.2012e-05     2.5000e-03
 329     9.2012e-05     2.5000e-03
 328     9.2012e-05     2.5000e-03
 327     1.0825e-04     2.5162e-03
 326     2.5516e-04     2.6469e-03
 325     9.0156e-04     3.1464e-03
 324     2.5678e-03     4.1663e-03
 323     5.5501e-03     5.4823e-03
 322     9.9519e-03     6.9019e-03
 321     1.5773e-02     8.3215e-03
 320     2.3327e-02     1.0053e-02
 319     3.1791e-02     1.0964e-02
 318     4.1104e-02     1.1813e-02
 317     5.0910e-02     1.2306e-02
 316     6.1144e-02     1.2735e-02
 315     7.1413e-02     1.2769e-02
 314     8.1504e-02     1.2590e-02
 313     9.1211e-02     1.2208e-02
 312     1.0080e-01     1.2089e-02
 311     1.0961e-01     1.1309e-02
 310     1.1792e-01     1.0812e-02
 309     1.2580e-01     1.0375e-02
 308     1.3311e-01     9.8161e-03
 307     1.3990e-01     9.2841e-03
 306     1.4639e-01     8.9918e-03
 305     1.5265e-01     8.7591e-03
 304     1.5880e-01     8.6493e-03
 303     1.6464e-01     8.3416e-03
 302     1.7044e-01     8.3060e-03
 301     1.7595e-01     8.0068e-03
 300     1.8142e-01     7.9666e-03
 299     1.8684e-01     7.9186e-03
 298     1.9229e-01     7.9557e-03
 297     1.9749e-01     7.7021e-03
 296     2.0284e-01     7.8452e-03
 295     2.0785e-01     7.5127e-03
 294     2.1304e-01     7.6844e-03
 293     2.1817e-01     7.6326e-03
 292     2.2336e-01     7.6952e-03
 291     2.2836e-01     7.4941e-03
 290     2.3333e-01     7.4740e-03
 289     2.3830e-01     7.4725e-03
 288     2.4346e-01     7.6596e-03
 287     2.4833e-01     7.3697e-03
 286     2.5328e-01     7.4485e-03
 285     2.5818e-01     7.3952e-03
 284     2.6319e-01     7.5166e-03
 283     2.6810e-01     7.4044e-03
 282     2.7283e-01     7.2320e-03
 281     2.7767e-01     7.3356e-03
 280     2.8251e-01     7.3434e-03
 279     2.8726e-01     7.2537e-03
 278     2.9218e-01     7.4161e-03
 277     2.9699e-01     7.3124e-03
 276     3.0193e-01     7.4346e-03
 275     3.0662e-01     7.1949e-03
 274     3.1129e-01     7.1671e-03
 273     3.1596e-01     7.1702e-03
 272     3.2065e-01     7.1926e-03
 271     3.2513e-01     6.9753e-03
 270     3.2972e-01     7.0905e-03
 269     3.3420e-01     6.9792e-03
 268     3.3879e-01     7.0936e-03
 267     3.4319e-01     6.8995e-03
 266     3.4761e-01     6.9181e-03
 265     3.5192e-01     6.8091e-03
 264     3.5637e-01     6.9490e-03
 263     3.6061e-01     6.7434e-03
 262     3.6500e-01     6.8895e-03
 261     3.6956e-01     7.0642e-03
 260     3.7418e-01     7.1129e-03
 259     3.7886e-01     7.1802e-03
 258     3.8345e-01     7.0944e-03
 257     3.8815e-01     7.1972e-03
 256     3.9288e-01     7.2297e-03
 255     3.9746e-01     7.0812e-03
 254     4.0213e-01     7.1725e-03
 253     4.0672e-01     7.0867e-03
 252     4.1144e-01     7.2197e-03
 251     4.1603e-01     7.0936e-03
 250     4.2068e-01     7.1454e-03
 249     4.2539e-01     7.2181e-03
 248     4.3009e-01     7.1918e-03
 247     4.3472e-01     7.1354e-03
 246     4.3947e-01     7.2514e-03
 245     4.4419e-01     7.2173e-03
 244     4.4896e-01     7.2699e-03
 243     4.5367e-01     7.2096e-03
 242     4.5837e-01     7.2003e-03
 241     4.6309e-01     7.2228e-03
 240     4.6792e-01     7.3287e-03
 239     4.7264e-01     7.2150e-03
 238     4.7742e-01     7.2800e-03
 237     4.8200e-01     7.0851e-03
 236     4.8662e-01     7.1222e-03
 235     4.9118e-01     7.0573e-03
 234     4.9588e-01     7.1957e-03
 233     5.0058e-01     7.2019e-03
 232     5.0527e-01     7.1903e-03
 231     5.0992e-01     7.1524e-03
 230     5.1465e-01     7.2312e-03
 229     5.1925e-01     7.1006e-03
 228     5.2385e-01     7.0967e-03
 227     5.2846e-01     7.1060e-03
 226     5.3318e-01     7.2266e-03
 225     5.3789e-01     7.2073e-03
 224     5.4262e-01     7.2282e-03
 223     5.4718e-01     7.0627e-03
 222     5.5184e-01     7.1586e-03
 221     5.5645e-01     7.1075e-03
 220     5.6102e-01     7.0751e-03
 219     5.6556e-01     7.0418e-03
 218     5.7025e-01     7.1887e-03
 217     5.7484e-01     7.0867e-03
 216     5.7952e-01     7.1810e-03
 215     5.8402e-01     7.0016e-03
 214     5.8868e-01     7.1617e-03
 213     5.9329e-01     7.1068e-03
 212     5.9782e-01     7.0263e-03
 211     6.0228e-01     6.9668e-03
 210     6.0681e-01     7.0240e-03
 209     6.1125e-01     6.9397e-03
 208     6.1581e-01     7.0642e-03
 207     6.2026e-01     6.9529e-03
 206     6.2466e-01     6.8918e-03
 205     6.2921e-01     7.0526e-03
 204     6.3365e-01     6.9405e-03
 203     6.3801e-01     6.8624e-03
 202     6.4242e-01     6.9088e-03
 201     6.4688e-01     6.9560e-03
 200     6.5141e-01     7.0380e-03
 199     6.5574e-01     6.8230e-03
 198     6.6014e-01     6.9019e-03
 197     6.6449e-01     6.8531e-03
 196     6.6902e-01     7.0240e-03
 195     6.7340e-01     6.8810e-03
 194     6.7774e-01     6.8454e-03
 193     6.8216e-01     6.9181e-03
 192     6.8660e-01     6.9397e-03
 191     6.9093e-01     6.8292e-03
 190     6.9528e-01     6.8493e-03
 189     6.9960e-01     6.8184e-03
 188     7.0411e-01     7.0093e-03
 187     7.0844e-01     6.8284e-03
 186     7.1292e-01     6.9877e-03
 185     7.1733e-01     6.9088e-03
 184     7.2179e-01     6.9606e-03
 183     7.2628e-01     6.9869e-03
 182     7.3071e-01     6.9320e-03
 181     7.3514e-01     6.9289e-03
 180     7.3975e-01     7.1060e-03
 179     7.4418e-01     6.9382e-03
 178     7.4864e-01     6.9506e-03
 177     7.5312e-01     6.9885e-03
 176     7.5778e-01     7.1609e-03
 175     7.6219e-01     6.9057e-03
 174     7.6668e-01     6.9923e-03
 173     7.7125e-01     7.0642e-03
 172     7.7566e-01     6.9142e-03
 171     7.8008e-01     6.9197e-03
 170     7.8455e-01     6.9668e-03
 169     7.8900e-01     6.9498e-03
 168     7.9335e-01     6.8563e-03
 167     7.9771e-01     6.8609e-03
 166     8.0207e-01     6.8539e-03
 165     8.0645e-01     6.8833e-03
 164     8.1092e-01     6.9676e-03
 163     8.1521e-01     6.7897e-03
 162     8.1960e-01     6.8895e-03
 161     8.2393e-01     6.8361e-03
 160     8.2846e-01     7.0256e-03
 159     8.3284e-01     6.8756e-03
 158     8.3718e-01     6.8454e-03
 157     8.4161e-01     6.9305e-03
 156     8.4608e-01     6.9637e-03
 155     8.5041e-01     6.8315e-03
 154     8.5474e-01     6.8307e-03
 153     8.5912e-01     6.8841e-03
 152     8.6355e-01     6.9320e-03
 151     8.6786e-01     6.8114e-03
 150     8.7216e-01     6.7983e-03
 149     8.7645e-01     6.7851e-03
 148     8.8082e-01     6.8740e-03
 147     8.8517e-01     6.8470e-03
 146     8.8949e-01     6.8238e-03
 145     8.9391e-01     6.9127e-03
 144     8.9836e-01     6.9506e-03
 143     9.0243e-01     6.5694e-03
 142     9.0676e-01     6.8354e-03
 141     9.1111e-01     6.8508e-03
 140     9.1544e-01     6.8331e-03
 139     9.1966e-01     6.7186e-03
 138     9.2383e-01     6.6629e-03
 137     9.2814e-01     6.8160e-03
 136     9.3259e-01     6.9483e-03
 135     9.3681e-01     6.7148e-03
 134     9.4092e-01     6.6142e-03
 133     9.4518e-01     6.7611e-03
 132     9.4945e-01     6.7658e-03
 131     9.5357e-01     6.6251e-03
 130     9.5786e-01     6.7859e-03
 129     9.6199e-01     6.6343e-03
 128     9.6626e-01     6.7681e-03
 127     9.7021e-01     6.4511e-03
 126     9.7420e-01     6.4859e-03
 125     9.7803e-01     6.3328e-03
 124     9.8159e-01     6.0645e-03
 123     9.8491e-01     5.8155e-03
 122     9.8800e-01     5.5944e-03
 121     9.9075e-01     5.2480e-03
 120     9.9304e-01     4.7872e-03
 119     9.9485e-01     4.3062e-03
 118     9.9637e-01     4.0255e-03
 117     9.9756e-01     3.6845e-03
 116     9.9840e-01     3.3459e-03
 115     9.9901e-01     3.1131e-03
 114     9.9940e-01     2.8835e-03
 113     9.9964e-01     2.7412e-03
 112     9.9981e-01     2.6678e-03
 111     9.9990e-01     2.5936e-03
 110     9.9995e-01     2.5533e-03
 109     9.9998e-01     2.5263e-03
 108     1.0000e+00     2.5170e-03
 107     1.0000e+00     2.5008e-03
 106     1.0000e+00     2.5008e-03
 105     1.0000e+00     2.5008e-03
 104     1.0000e+00     2.5000e-03
 103     1.0000e+00     2.5000e-03
 102     1.0000e+00     2.5000e-03
 101     1.0000e+00     2.5000e-03
 100     1.0000e+00     2.5000e-03
