  100  500
 500     1.9198e-06     2.5019e-03
 499     5.7595e-06     2.5038e-03
 498     8.3194e-06     2.5026e-03
 497     1.2799e-05     2.5045e-03
 496     1.8559e-05     2.5058e-03
 495     1.9838e-05     2.5013e-03
 494     2.2398e-05     2.5026e-03
 493     2.5598e-05     2.5032e-03
 492     2.9438e-05     2.5038e-03
 491     3.2638e-05     2.5032e-03
 490     3.5837e-05     2.5032e-03
 489     3.8397e-05     2.5026e-03
 488     4.0317e-05     2.5019e-03
 487     4.5436e-05     2.5051e-03
 486     5.0556e-05     2.5051e-03
 485     5.3756e-05     2.5032e-03
 484     5.8236e-05     2.5045e-03
 483     6.3995e-05     2.5058e-03
 482     6.9115e-05     2.5051e-03
 481     7.3594e-05     2.5045e-03
 480     7.6154e-05     2.5026e-03
 479     7.9994e-05     2.5038e-03
 478     8.3193e-05     2.5032e-03
 477     8.7033e-05     2.5038e-03
 476     9.3433e-05     2.5064e-03
 475     9.7912e-05     2.5045e-03
 474     1.0047e-04     2.5026e-03
 473     1.0623e-04     2.5058e-03
 472     1.0943e-04     2.5032e-03
 471     1.1007e-04     2.5006e-03
 470     1.1327e-04     2.5032e-03
 469     1.2223e-04     2.5090e-03
 468     1.2671e-04     2.5045e-03
 467     1.3375e-04     2.5070e-03
 466     1.3823e-04     2.5045e-03
 465     1.4079e-04     2.5026e-03
 464     1.4271e-04     2.5019e-03
 463     1.4783e-04     2.5051e-03
 462     1.5039e-04     2.5026e-03
 461     1.5167e-04     2.5013e-03
 460     1.5615e-04     2.5045e-03
 459     1.6127e-04     2.5051e-03
 458     1.6511e-04     2.5038e-03
 457     1.6767e-04     2.5026e-03
 456     1.7087e-04     2.5032e-03
 455     1.7215e-04     2.5013e-03
 454     1.7535e-04     2.5032e-03
 453     1.7727e-04     2.5019e-03
 452     1.8047e-04     2.5032e-03
 451     1.8559e-04     2.5051e-03
 450     1.8943e-04     2.5038e-03
 449     1.9390e-04     2.5045e-03
 448     1.9966e-04     2.5058e-03
 447     2.0158e-04     2.5019e-03
 446     2.0670e-04     2.5051e-03
 445     2.1310e-04     2.5064e-03
 444     2.1438e-04     2.5013e-03
 443     2.1886e-04     2.5045e-03
 442     2.2270e-04     2.5038e-03
 441     2.2398e-04     2.5013e-03
 440     2.2782e-04     2.5038e-03
 439     2.3102e-04     2.5032e-03
 438     2.3422e-04     2.5032e-03
 437     2.3614e-04     2.5019e-03
 436     2.3870e-04     2.5026e-03
 435     2.4126e-04     2.5026e-03
 434     2.4382e-04     2.5026e-03
 433     2.4830e-04     2.5045e-03
 432     2.5278e-04     2.5045e-03
 431     2.5662e-04     2.5038e-03
 430     2.5982e-04     2.5032e-03
 429     2.6686e-04     2.5070e-03
 428     2.7262e-04     2.5058e-03
 427     2.7518e-04     2.5026e-03
 426     2.7902e-04     2.5038e-03
 425     2.8222e-04     2.5032e-03
 424     2.8606e-04     2.5038e-03
 423     2.9054e-04     2.5045e-03
 422     2.9502e-04     2.5045e-03
 421     2.9822e-04     2.5032e-03
 420     2.9950e-04     2.5013e-03
 419     3.0526e-04     2.5058e-03
 418     3.1102e-04     2.5058e-03
 417     3.1486e-04     2.5038e-03
 416     3.1677e-04     2.5019e-03
 415     3.2062e-04     2.5038e-03
 414     3.2189e-04     2.5013e-03
 413     3.2638e-04     2.5045e-03
 412     3.3149e-04     2.5051e-03
 411     3.3341e-04     2.5019e-03
 410     3.3597e-04     2.5026e-03
 409     3.3725e-04     2.5013e-03
 408     3.4173e-04     2.5045e-03
 407     3.4429e-04     2.5026e-03
 406     3.4877e-04     2.5045e-03
 405     3.5261e-04     2.5038e-03
 404     3.5773e-04     2.5051e-03
 403     3.6029e-04     2.5026e-03
 402     3.6669e-04     2.5064e-03
 401     3.6925e-04     2.5026e-03
 400     3.7309e-04     2.5038e-03
 399     3.7693e-04     2.5038e-03
 398     3.8141e-04     2.5045e-03
 397     3.8333e-04     2.5019e-03
 396     3.8717e-04     2.5038e-03
 395     3.9101e-04     2.5038e-03
 394     3.9229e-04     2.5013e-03
 393     3.9485e-04     2.5026e-03
 392     3.9805e-04     2.5032e-03
 391     4.0125e-04     2.5032e-03
 390     4.0253e-04     2.5013e-03
 389     4.0445e-04     2.5019e-03
 388     4.0829e-04     2.5038e-03
 387     4.1021e-04     2.5019e-03
 386     4.1405e-04     2.5038e-03
 385     4.1789e-04     2.5038e-03
 384     4.2237e-04     2.5045e-03
 383     4.2813e-04     2.5058e-03
 382     4.3261e-04     2.5045e-03
 381     4.3581e-04     2.5032e-03
 380     4.3773e-04     2.5019e-03
 379     4.4093e-04     2.5032e-03
 378     4.4348e-04     2.5026e-03
 377     4.5117e-04     2.5077e-03
 376     4.5500e-04     2.5038e-03
 375     4.5948e-04     2.5045e-03
 374     4.6204e-04     2.5026e-03
 373     4.6588e-04     2.5038e-03
 372     4.7164e-04     2.5058e-03
 371     4.7548e-04     2.5038e-03
 370     4.7740e-04     2.5019e-03
 369     4.8316e-04     2.5058e-03
 368     4.8892e-04     2.5058e-03
 367     4.9148e-04     2.5026e-03
 366     4.9404e-04     2.5026e-03
 365     4.9852e-04     2.5045e-03
 364     5.0300e-04     2.5045e-03
 363     5.0620e-04     2.5032e-03
 362     5.1004e-04     2.5038e-03
 361     5.1324e-04     2.5032e-03
 360     5.1772e-04     2.5045e-03
 359     5.2220e-04     2.5045e-03
 358     5.2476e-04     2.5026e-03
 357     5.2796e-04     2.5032e-03
 356     5.3116e-04     2.5032e-03
 355     5.3308e-04     2.5019e-03
 354     5.3628e-04     2.5032e-03
 353     5.3756e-04     2.5013e-03
 352     5.4140e-04     2.5038e-03
 351     5.4524e-04     2.5038e-03
 350     5.4972e-04     2.5045e-03
 349     5.5164e-04     2.5019e-03
 348     5.5420e-04     2.5026e-03
 347     5.5676e-04     2.5026e-03
 346     5.6060e-04     2.5038e-03
 345     5.6508e-04     2.5045e-03
 344     5.6892e-04     2.5038e-03
 343     5.7339e-04     2.5045e-03
 342     5.7788e-04     2.5045e-03
 341     5.8236e-04     2.5045e-03
 340     5.8491e-04     2.5026e-03
 339     5.9003e-04     2.5051e-03
 338     5.9259e-04     2.5026e-03
 337     5.9451e-04     2.5019e-03
 336     5.9643e-04     2.5019e-03
 335     6.0027e-04     2.5038e-03
 334     6.0283e-04     2.5026e-03
 333     6.0859e-04     2.5058e-03
 332     6.1435e-04     2.5058e-03
 331     6.2011e-04     2.5058e-03
 330     6.2139e-04     2.5013e-03
 329     6.2779e-04     2.5064e-03
 328     6.3035e-04     2.5026e-03
 327     6.3547e-04     2.5051e-03
 326     6.3803e-04     2.5026e-03
 325     6.4187e-04     2.5038e-03
 324     6.4379e-04     2.5019e-03
 323     6.4891e-04     2.5051e-03
 322     6.5467e-04     2.5058e-03
 321     6.5915e-04     2.5045e-03
 320     6.6299e-04     2.5038e-03
 319     6.6619e-04     2.5032e-03
 318     6.7003e-04     2.5038e-03
 317     6.7259e-04     2.5026e-03
 316     6.7643e-04     2.5038e-03
 315     6.8027e-04     2.5038e-03
 314     6.8347e-04     2.5032e-03
 313     6.8731e-04     2.5038e-03
 312     6.8987e-04     2.5026e-03
 311     6.9371e-04     2.5038e-03
 310     7.2186e-04     2.5282e-03
 309     1.0892e-03     2.8673e-03
 308     2.8049e-03     4.2157e-03
 307     7.1866e-03     6.8817e-03
 306     1.5438e-02     1.0752e-02
 305     2.7133e-02     1.4194e-02
 304     4.0543e-02     1.5911e-02
 303     5.3625e-02     1.5582e-02
 302     6.5925e-02     1.4800e-02
 301     7.7488e-02     1.4063e-02
 300     8.8484e-02     1.3496e-02
 299     9.8863e-02     1.2879e-02
 298     1.0906e-01     1.2701e-02
 297     1.1915e-01     1.2582e-02
 296     1.2889e-01     1.2241e-02
 295     1.3807e-01     1.1683e-02
 294     1.4680e-01     1.1232e-02
 293     1.5501e-01     1.0708e-02
 292     1.6271e-01     1.0202e-02
 291     1.6988e-01     9.6700e-03
 290     1.7684e-01     9.4607e-03
 289     1.8329e-01     8.9513e-03
 288     1.8955e-01     8.7536e-03
 287     1.9529e-01     8.2480e-03
 286     2.0095e-01     8.1546e-03
 285     2.0646e-01     8.0151e-03
 284     2.1181e-01     7.8468e-03
 283     2.1708e-01     7.7700e-03
 282     2.2223e-01     7.6516e-03
 281     2.2731e-01     7.5786e-03
 280     2.3227e-01     7.4609e-03
 279     2.3718e-01     7.4065e-03
 278     2.4208e-01     7.4020e-03
 277     2.4692e-01     7.3361e-03
 276     2.5183e-01     7.4174e-03
 275     2.5651e-01     7.1780e-03
 274     2.6120e-01     7.1864e-03
 273     2.6604e-01     7.3438e-03
 272     2.7077e-01     7.2273e-03
 271     2.7548e-01     7.2075e-03
 270     2.8018e-01     7.2036e-03
 269     2.8492e-01     7.2414e-03
 268     2.8957e-01     7.1428e-03
 267     2.9415e-01     7.0846e-03
 266     2.9872e-01     7.0731e-03
 265     3.0325e-01     7.0251e-03
 264     3.0777e-01     7.0206e-03
 263     3.1215e-01     6.8824e-03
 262     3.1646e-01     6.8056e-03
 261     3.2075e-01     6.7896e-03
 260     3.2503e-01     6.7832e-03
 259     3.2927e-01     6.7371e-03
 258     3.3354e-01     6.7691e-03
 257     3.3792e-01     6.8805e-03
 256     3.4249e-01     7.0776e-03
 255     3.4689e-01     6.8997e-03
 254     3.5152e-01     7.1262e-03
 253     3.5617e-01     7.1537e-03
 252     3.6085e-01     7.1812e-03
 251     3.6538e-01     7.0225e-03
 250     3.6997e-01     7.0923e-03
 249     3.7461e-01     7.1448e-03
 248     3.7922e-01     7.1083e-03
 247     3.8370e-01     6.9777e-03
 246     3.8830e-01     7.0968e-03
 245     3.9281e-01     7.0136e-03
 244     3.9748e-01     7.1684e-03
 243     4.0193e-01     6.9534e-03
 242     4.0647e-01     7.0347e-03
 241     4.1105e-01     7.0872e-03
 240     4.1569e-01     7.1409e-03
 239     4.2027e-01     7.0795e-03
 238     4.2480e-01     7.0238e-03
 237     4.2928e-01     6.9860e-03
 236     4.3378e-01     7.0001e-03
 235     4.3833e-01     7.0494e-03
 234     4.4286e-01     7.0251e-03
 233     4.4749e-01     7.1313e-03
 232     4.5208e-01     7.0884e-03
 231     4.5660e-01     7.0219e-03
 230     4.6130e-01     7.2023e-03
 229     4.6578e-01     6.9790e-03
 228     4.7046e-01     7.1812e-03
 227     4.7494e-01     6.9784e-03
 226     4.7956e-01     7.1172e-03
 225     4.8415e-01     7.0948e-03
 224     4.8881e-01     7.1588e-03
 223     4.9321e-01     6.9016e-03
 222     4.9768e-01     6.9630e-03
 221     5.0214e-01     6.9617e-03
 220     5.0664e-01     7.0014e-03
 219     5.1115e-01     7.0085e-03
 218     5.1566e-01     7.0097e-03
 217     5.2016e-01     7.0027e-03
 216     5.2468e-01     7.0174e-03
 215     5.2917e-01     6.9886e-03
 214     5.3366e-01     6.9937e-03
 213     5.3808e-01     6.9227e-03
 212     5.4258e-01     7.0021e-03
 211     5.4709e-01     7.0085e-03
 210     5.5152e-01     6.9240e-03
 209     5.5599e-01     6.9726e-03
 208     5.6050e-01     7.0091e-03
 207     5.6485e-01     6.8536e-03
 206     5.6917e-01     6.8184e-03
 205     5.7356e-01     6.8843e-03
 204     5.7801e-01     6.9547e-03
 203     5.8230e-01     6.7915e-03
 202     5.8669e-01     6.8862e-03
 201     5.9105e-01     6.8619e-03
 200     5.9545e-01     6.8990e-03
 199     5.9977e-01     6.8267e-03
 198     6.0411e-01     6.8395e-03
 197     6.0841e-01     6.7928e-03
 196     6.1284e-01     6.9323e-03
 195     6.1720e-01     6.8619e-03
 194     6.2151e-01     6.8043e-03
 193     6.2586e-01     6.8510e-03
 192     6.3031e-01     6.9540e-03
 191     6.3458e-01     6.7697e-03
 190     6.3892e-01     6.8363e-03
 189     6.4328e-01     6.8600e-03
 188     6.4771e-01     6.9329e-03
 187     6.5209e-01     6.8792e-03
 186     6.5641e-01     6.8197e-03
 185     6.6076e-01     6.8555e-03
 184     6.6527e-01     7.0046e-03
 183     6.6953e-01     6.7608e-03
 182     6.7392e-01     6.8888e-03
 181     6.7832e-01     6.8984e-03
 180     6.8268e-01     6.8651e-03
 179     6.8705e-01     6.8689e-03
 178     6.9145e-01     6.8997e-03
 177     6.9574e-01     6.7921e-03
 176     7.0017e-01     6.9310e-03
 175     7.0453e-01     6.8593e-03
 174     7.0895e-01     6.9125e-03
 173     7.1324e-01     6.7921e-03
 172     7.1765e-01     6.9163e-03
 171     7.2198e-01     6.8299e-03
 170     7.2633e-01     6.8472e-03
 169     7.3070e-01     6.8651e-03
 168     7.3517e-01     6.9707e-03
 167     7.3948e-01     6.8184e-03
 166     7.4389e-01     6.9067e-03
 165     7.4823e-01     6.8427e-03
 164     7.5261e-01     6.8766e-03
 163     7.5698e-01     6.8715e-03
 162     7.6130e-01     6.8216e-03
 161     7.6559e-01     6.7889e-03
 160     7.7001e-01     6.9208e-03
 159     7.7422e-01     6.7089e-03
 158     7.7850e-01     6.7774e-03
 157     7.8274e-01     6.7352e-03
 156     7.8713e-01     6.8977e-03
 155     7.9144e-01     6.8120e-03
 154     7.9582e-01     6.8773e-03
 153     8.0015e-01     6.8267e-03
 152     8.0447e-01     6.8184e-03
 151     8.0870e-01     6.7269e-03
 150     8.1305e-01     6.8549e-03
 149     8.1732e-01     6.7678e-03
 148     8.2163e-01     6.8094e-03
 147     8.2585e-01     6.7243e-03
 146     8.3022e-01     6.8734e-03
 145     8.3447e-01     6.7493e-03
 144     8.3883e-01     6.8581e-03
 143     8.4300e-01     6.6648e-03
 142     8.4728e-01     6.7813e-03
 141     8.5160e-01     6.8209e-03
 140     8.5592e-01     6.8209e-03
 139     8.6010e-01     6.6782e-03
 138     8.6435e-01     6.7486e-03
 137     8.6856e-01     6.7173e-03
 136     8.7284e-01     6.7774e-03
 135     8.7696e-01     6.6168e-03
 134     8.8126e-01     6.8005e-03
 133     8.8550e-01     6.7409e-03
 132     8.8971e-01     6.7147e-03
 131     8.9395e-01     6.7320e-03
 130     8.9826e-01     6.8145e-03
 129     9.0244e-01     6.6808e-03
 128     9.0672e-01     6.7781e-03
 127     9.1092e-01     6.6961e-03
 126     9.1509e-01     6.6725e-03
 125     9.1931e-01     6.7166e-03
 124     9.2351e-01     6.7019e-03
 123     9.2761e-01     6.6085e-03
 122     9.3184e-01     6.7224e-03
 121     9.3607e-01     6.7365e-03
 120     9.4031e-01     6.7377e-03
 119     9.4444e-01     6.6245e-03
 118     9.4861e-01     6.6789e-03
 117     9.5275e-01     6.6360e-03
 116     9.5701e-01     6.7595e-03
 115     9.6117e-01     6.6584e-03
 114     9.6528e-01     6.6123e-03
 113     9.6926e-01     6.4824e-03
 112     9.7330e-01     6.5413e-03
 111     9.7712e-01     6.3167e-03
 110     9.8078e-01     6.1624e-03
 109     9.8416e-01     5.8802e-03
 108     9.8733e-01     5.6639e-03
 107     9.9015e-01     5.3222e-03
 106     9.9261e-01     4.9593e-03
 105     9.9469e-01     4.5837e-03
 104     9.9639e-01     4.1978e-03
 103     9.9769e-01     3.8023e-03
 102     9.9874e-01     3.5463e-03
 101     9.9948e-01     3.2411e-03
 100     1.0000e+00     3.2411e-03
