   90  330
 330     2.5868e-06     1.0000e-03
 329     4.5268e-06     1.0000e-03
 328     9.0537e-06     1.0000e-03
 327     1.2934e-05     1.0000e-03
 326     1.9401e-05     1.0000e-03
 325     7.3723e-05     1.0000e-03
 324     6.7838e-04     1.0000e-03
 323     2.9496e-03     1.0000e-03
 322     8.1296e-03     1.0000e-03
 321     1.7170e-02     1.0000e-03
 320     2.9347e-02     1.0000e-03
 319     4.2077e-02     1.0000e-03
 318     5.4168e-02     1.0000e-03
 317     6.5121e-02     1.0000e-03
 316     7.5494e-02     1.0000e-03
 315     8.5202e-02     1.0000e-03
 314     9.4797e-02     1.0000e-03
 313     1.0439e-01     1.0000e-03
 312     1.1396e-01     1.0000e-03
 311     1.2310e-01     1.0000e-03
 310     1.3218e-01     1.0000e-03
 309     1.4103e-01     1.0000e-03
 308     1.4950e-01     1.0000e-03
 307     1.5749e-01     1.0000e-03
 306     1.6489e-01     1.0000e-03
 305     1.7178e-01     1.0000e-03
 304     1.7833e-01     1.0000e-03
 303     1.8442e-01     1.0000e-03
 302     1.9039e-01     1.0000e-03
 301     1.9601e-01     1.0000e-03
 300     2.0169e-01     1.0000e-03
 299     2.0699e-01     1.0000e-03
 298     2.1226e-01     1.0000e-03
 297     2.1741e-01     1.0000e-03
 296     2.2255e-01     1.0000e-03
 295     2.2744e-01     1.0000e-03
 294     2.3242e-01     1.0000e-03
 293     2.3736e-01     1.0000e-03
 292     2.4222e-01     1.0000e-03
 291     2.4700e-01     1.0000e-03
 290     2.5165e-01     1.0000e-03
 289     2.5640e-01     1.0000e-03
 288     2.6119e-01     1.0000e-03
 287     2.6584e-01     1.0000e-03
 286     2.7054e-01     1.0000e-03
 285     2.7528e-01     1.0000e-03
 284     2.7996e-01     1.0000e-03
 283     2.8447e-01     1.0000e-03
 282     2.8891e-01     1.0000e-03
 281     2.9350e-01     1.0000e-03
 280     2.9803e-01     1.0000e-03
 279     3.0242e-01     1.0000e-03
 278     3.0678e-01     1.0000e-03
 277     3.1108e-01     1.0000e-03
 276     3.1537e-01     1.0000e-03
 275     3.1952e-01     1.0000e-03
 274     3.2372e-01     1.0000e-03
 273     3.2788e-01     1.0000e-03
 272     3.3207e-01     1.0000e-03
 271     3.3626e-01     1.0000e-03
 270     3.4052e-01     1.0000e-03
 269     3.4480e-01     1.0000e-03
 268     3.4930e-01     1.0000e-03
 267     3.5367e-01     1.0000e-03
 266     3.5813e-01     1.0000e-03
 265     3.6271e-01     1.0000e-03
 264     3.6724e-01     1.0000e-03
 263     3.7158e-01     1.0000e-03
 262     3.7612e-01     1.0000e-03
 261     3.8062e-01     1.0000e-03
 260     3.8518e-01     1.0000e-03
 259     3.8958e-01     1.0000e-03
 258     3.9401e-01     1.0000e-03
 257     3.9850e-01     1.0000e-03
 256     4.0309e-01     1.0000e-03
 255     4.0743e-01     1.0000e-03
 254     4.1189e-01     1.0000e-03
 253     4.1622e-01     1.0000e-03
 252     4.2072e-01     1.0000e-03
 251     4.2518e-01     1.0000e-03
 250     4.2951e-01     1.0000e-03
 249     4.3388e-01     1.0000e-03
 248     4.3825e-01     1.0000e-03
 247     4.4255e-01     1.0000e-03
 246     4.4692e-01     1.0000e-03
 245     4.5139e-01     1.0000e-03
 244     4.5582e-01     1.0000e-03
 243     4.6022e-01     1.0000e-03
 242     4.6465e-01     1.0000e-03
 241     4.6905e-01     1.0000e-03
 240     4.7345e-01     1.0000e-03
 239     4.7788e-01     1.0000e-03
 238     4.8224e-01     1.0000e-03
 237     4.8657e-01     1.0000e-03
 236     4.9103e-01     1.0000e-03
 235     4.9536e-01     1.0000e-03
 234     4.9969e-01     1.0000e-03
 233     5.0395e-01     1.0000e-03
 232     5.0825e-01     1.0000e-03
 231     5.1261e-01     1.0000e-03
 230     5.1687e-01     1.0000e-03
 229     5.2126e-01     1.0000e-03
 228     5.2558e-01     1.0000e-03
 227     5.2990e-01     1.0000e-03
 226     5.3428e-01     1.0000e-03
 225     5.3859e-01     1.0000e-03
 224     5.4296e-01     1.0000e-03
 223     5.4729e-01     1.0000e-03
 222     5.5144e-01     1.0000e-03
 221     5.5570e-01     1.0000e-03
 220     5.5999e-01     1.0000e-03
 219     5.6430e-01     1.0000e-03
 218     5.6859e-01     1.0000e-03
 217     5.7272e-01     1.0000e-03
 216     5.7692e-01     1.0000e-03
 215     5.8104e-01     1.0000e-03
 214     5.8527e-01     1.0000e-03
 213     5.8939e-01     1.0000e-03
 212     5.9363e-01     1.0000e-03
 211     5.9775e-01     1.0000e-03
 210     6.0194e-01     1.0000e-03
 209     6.0613e-01     1.0000e-03
 208     6.1032e-01     1.0000e-03
 207     6.1448e-01     1.0000e-03
 206     6.1861e-01     1.0000e-03
 205     6.2273e-01     1.0000e-03
 204     6.2691e-01     1.0000e-03
 203     6.3105e-01     1.0000e-03
 202     6.3529e-01     1.0000e-03
 201     6.3942e-01     1.0000e-03
 200     6.4353e-01     1.0000e-03
 199     6.4767e-01     1.0000e-03
 198     6.5184e-01     1.0000e-03
 197     6.5585e-01     1.0000e-03
 196     6.6019e-01     1.0000e-03
 195     6.6443e-01     1.0000e-03
 194     6.6853e-01     1.0000e-03
 193     6.7265e-01     1.0000e-03
 192     6.7680e-01     1.0000e-03
 191     6.8103e-01     1.0000e-03
 190     6.8519e-01     1.0000e-03
 189     6.8932e-01     1.0000e-03
 188     6.9357e-01     1.0000e-03
 187     6.9770e-01     1.0000e-03
 186     7.0184e-01     1.0000e-03
 185     7.0600e-01     1.0000e-03
 184     7.1016e-01     1.0000e-03
 183     7.1427e-01     1.0000e-03
 182     7.1844e-01     1.0000e-03
 181     7.2252e-01     1.0000e-03
 180     7.2676e-01     1.0000e-03
 179     7.3091e-01     1.0000e-03
 178     7.3496e-01     1.0000e-03
 177     7.3907e-01     1.0000e-03
 176     7.4321e-01     1.0000e-03
 175     7.4732e-01     1.0000e-03
 174     7.5142e-01     1.0000e-03
 173     7.5547e-01     1.0000e-03
 172     7.5968e-01     1.0000e-03
 171     7.6387e-01     1.0000e-03
 170     7.6805e-01     1.0000e-03
 169     7.7215e-01     1.0000e-03
 168     7.7629e-01     1.0000e-03
 167     7.8030e-01     1.0000e-03
 166     7.8446e-01     1.0000e-03
 165     7.8859e-01     1.0000e-03
 164     7.9274e-01     1.0000e-03
 163     7.9671e-01     1.0000e-03
 162     8.0081e-01     1.0000e-03
 161     8.0495e-01     1.0000e-03
 160     8.0911e-01     1.0000e-03
 159     8.1317e-01     1.0000e-03
 158     8.1717e-01     1.0000e-03
 157     8.2131e-01     1.0000e-03
 156     8.2536e-01     1.0000e-03
 155     8.2934e-01     1.0000e-03
 154     8.3330e-01     1.0000e-03
 153     8.3732e-01     1.0000e-03
 152     8.4140e-01     1.0000e-03
 151     8.4541e-01     1.0000e-03
 150     8.4945e-01     1.0000e-03
 149     8.5353e-01     1.0000e-03
 148     8.5764e-01     1.0000e-03
 147     8.6154e-01     1.0000e-03
 146     8.6551e-01     1.0000e-03
 145     8.6946e-01     1.0000e-03
 144     8.7358e-01     1.0000e-03
 143     8.7759e-01     1.0000e-03
 142     8.8148e-01     1.0000e-03
 141     8.8541e-01     1.0000e-03
 140     8.8945e-01     1.0000e-03
 139     8.9343e-01     1.0000e-03
 138     8.9748e-01     1.0000e-03
 137     9.0137e-01     1.0000e-03
 136     9.0540e-01     1.0000e-03
 135     9.0928e-01     1.0000e-03
 134     9.1327e-01     1.0000e-03
 133     9.1717e-01     1.0000e-03
 132     9.2115e-01     1.0000e-03
 131     9.2514e-01     1.0000e-03
 130     9.2901e-01     1.0000e-03
 129     9.3300e-01     1.0000e-03
 128     9.3697e-01     1.0000e-03
 127     9.4086e-01     1.0000e-03
 126     9.4474e-01     1.0000e-03
 125     9.4860e-01     1.0000e-03
 124     9.5253e-01     1.0000e-03
 123     9.5644e-01     1.0000e-03
 122     9.6031e-01     1.0000e-03
 121     9.6409e-01     1.0000e-03
 120     9.6794e-01     1.0000e-03
 119     9.7171e-01     1.0000e-03
 118     9.7520e-01     1.0000e-03
 117     9.7857e-01     1.0000e-03
 116     9.8189e-01     1.0000e-03
 115     9.8492e-01     1.0000e-03
 114     9.8774e-01     1.0000e-03
 113     9.9025e-01     1.0000e-03
 112     9.9238e-01     1.0000e-03
 111     9.9424e-01     1.0000e-03
 110     9.9584e-01     1.0000e-03
 109     9.9704e-01     1.0000e-03
 108     9.9797e-01     1.0000e-03
 107     9.9863e-01     1.0000e-03
 106     9.9912e-01     1.0000e-03
 105     9.9947e-01     1.0000e-03
 104     9.9968e-01     1.0000e-03
 103     9.9981e-01     1.0000e-03
 102     9.9987e-01     1.0000e-03
 101     9.9991e-01     1.0000e-03
 100     9.9994e-01     1.0000e-03
  99     9.9995e-01     1.0000e-03
  98     9.9996e-01     1.0000e-03
  97     9.9996e-01     1.0000e-03
  96     9.9997e-01     1.0000e-03
  95     9.9997e-01     1.0000e-03
  94     9.9998e-01     1.0000e-03
  93     9.9999e-01     1.0000e-03
  92     9.9999e-01     1.0000e-03
  91     1.0000e+00     1.0000e-03
  90     1.0000e+00     1.0000e-03
