   95  330
 330     0.0000e+00     1.0000e-03
 329     0.0000e+00     1.0000e-03
 328     0.0000e+00     1.0000e-03
 327     8.8690e-06     1.0000e-03
 326     1.1825e-05     1.0000e-03
 325     4.1389e-05     1.0000e-03
 324     4.8484e-04     1.0000e-03
 323     2.2616e-03     1.0000e-03
 322     7.0331e-03     1.0000e-03
 321     1.5293e-02     1.0000e-03
 320     2.7056e-02     1.0000e-03
 319     3.9606e-02     1.0000e-03
 318     5.1632e-02     1.0000e-03
 317     6.2429e-02     1.0000e-03
 316     7.3308e-02     1.0000e-03
 315     8.3697e-02     1.0000e-03
 314     9.3414e-02     1.0000e-03
 313     1.0319e-01     1.0000e-03
 312     1.1302e-01     1.0000e-03
 311     1.2199e-01     1.0000e-03
 310     1.3113e-01     1.0000e-03
 309     1.3987e-01     1.0000e-03
 308     1.4826e-01     1.0000e-03
 307     1.5605e-01     1.0000e-03
 306     1.6323e-01     1.0000e-03
 305     1.7023e-01     1.0000e-03
 304     1.7659e-01     1.0000e-03
 303     1.8252e-01     1.0000e-03
 302     1.8834e-01     1.0000e-03
 301     1.9401e-01     1.0000e-03
 300     1.9980e-01     1.0000e-03
 299     2.0515e-01     1.0000e-03
 298     2.1037e-01     1.0000e-03
 297     2.1549e-01     1.0000e-03
 296     2.2057e-01     1.0000e-03
 295     2.2554e-01     1.0000e-03
 294     2.3050e-01     1.0000e-03
 293     2.3520e-01     1.0000e-03
 292     2.4010e-01     1.0000e-03
 291     2.4466e-01     1.0000e-03
 290     2.4937e-01     1.0000e-03
 289     2.5392e-01     1.0000e-03
 288     2.5866e-01     1.0000e-03
 287     2.6337e-01     1.0000e-03
 286     2.6789e-01     1.0000e-03
 285     2.7228e-01     1.0000e-03
 284     2.7681e-01     1.0000e-03
 283     2.8142e-01     1.0000e-03
 282     2.8590e-01     1.0000e-03
 281     2.9061e-01     1.0000e-03
 280     2.9523e-01     1.0000e-03
 279     2.9958e-01     1.0000e-03
 278     3.0387e-01     1.0000e-03
 277     3.0816e-01     1.0000e-03
 276     3.1244e-01     1.0000e-03
 275     3.1675e-01     1.0000e-03
 274     3.2106e-01     1.0000e-03
 273     3.2524e-01     1.0000e-03
 272     3.2958e-01     1.0000e-03
 271     3.3398e-01     1.0000e-03
 270     3.3827e-01     1.0000e-03
 269     3.4265e-01     1.0000e-03
 268     3.4712e-01     1.0000e-03
 267     3.5160e-01     1.0000e-03
 266     3.5618e-01     1.0000e-03
 265     3.6058e-01     1.0000e-03
 264     3.6520e-01     1.0000e-03
 263     3.6970e-01     1.0000e-03
 262     3.7414e-01     1.0000e-03
 261     3.7865e-01     1.0000e-03
 260     3.8306e-01     1.0000e-03
 259     3.8743e-01     1.0000e-03
 258     3.9167e-01     1.0000e-03
 257     3.9612e-01     1.0000e-03
 256     4.0074e-01     1.0000e-03
 255     4.0528e-01     1.0000e-03
 254     4.0964e-01     1.0000e-03
 253     4.1399e-01     1.0000e-03
 252     4.1867e-01     1.0000e-03
 251     4.2333e-01     1.0000e-03
 250     4.2769e-01     1.0000e-03
 249     4.3204e-01     1.0000e-03
 248     4.3645e-01     1.0000e-03
 247     4.4086e-01     1.0000e-03
 246     4.4532e-01     1.0000e-03
 245     4.4989e-01     1.0000e-03
 244     4.5427e-01     1.0000e-03
 243     4.5867e-01     1.0000e-03
 242     4.6313e-01     1.0000e-03
 241     4.6734e-01     1.0000e-03
 240     4.7192e-01     1.0000e-03
 239     4.7623e-01     1.0000e-03
 238     4.8053e-01     1.0000e-03
 237     4.8506e-01     1.0000e-03
 236     4.8932e-01     1.0000e-03
 235     4.9363e-01     1.0000e-03
 234     4.9801e-01     1.0000e-03
 233     5.0226e-01     1.0000e-03
 232     5.0668e-01     1.0000e-03
 231     5.1103e-01     1.0000e-03
 230     5.1533e-01     1.0000e-03
 229     5.1972e-01     1.0000e-03
 228     5.2430e-01     1.0000e-03
 227     5.2855e-01     1.0000e-03
 226     5.3292e-01     1.0000e-03
 225     5.3734e-01     1.0000e-03
 224     5.4166e-01     1.0000e-03
 223     5.4612e-01     1.0000e-03
 222     5.5028e-01     1.0000e-03
 221     5.5464e-01     1.0000e-03
 220     5.5893e-01     1.0000e-03
 219     5.6317e-01     1.0000e-03
 218     5.6756e-01     1.0000e-03
 217     5.7177e-01     1.0000e-03
 216     5.7597e-01     1.0000e-03
 215     5.8007e-01     1.0000e-03
 214     5.8421e-01     1.0000e-03
 213     5.8827e-01     1.0000e-03
 212     5.9249e-01     1.0000e-03
 211     5.9659e-01     1.0000e-03
 210     6.0073e-01     1.0000e-03
 209     6.0474e-01     1.0000e-03
 208     6.0905e-01     1.0000e-03
 207     6.1315e-01     1.0000e-03
 206     6.1734e-01     1.0000e-03
 205     6.2125e-01     1.0000e-03
 204     6.2541e-01     1.0000e-03
 203     6.2951e-01     1.0000e-03
 202     6.3375e-01     1.0000e-03
 201     6.3792e-01     1.0000e-03
 200     6.4232e-01     1.0000e-03
 199     6.4657e-01     1.0000e-03
 198     6.5089e-01     1.0000e-03
 197     6.5502e-01     1.0000e-03
 196     6.5929e-01     1.0000e-03
 195     6.6359e-01     1.0000e-03
 194     6.6795e-01     1.0000e-03
 193     6.7227e-01     1.0000e-03
 192     6.7657e-01     1.0000e-03
 191     6.8063e-01     1.0000e-03
 190     6.8471e-01     1.0000e-03
 189     6.8886e-01     1.0000e-03
 188     6.9316e-01     1.0000e-03
 187     6.9715e-01     1.0000e-03
 186     7.0156e-01     1.0000e-03
 185     7.0587e-01     1.0000e-03
 184     7.1014e-01     1.0000e-03
 183     7.1425e-01     1.0000e-03
 182     7.1856e-01     1.0000e-03
 181     7.2286e-01     1.0000e-03
 180     7.2706e-01     1.0000e-03
 179     7.3118e-01     1.0000e-03
 178     7.3528e-01     1.0000e-03
 177     7.3954e-01     1.0000e-03
 176     7.4368e-01     1.0000e-03
 175     7.4792e-01     1.0000e-03
 174     7.5208e-01     1.0000e-03
 173     7.5624e-01     1.0000e-03
 172     7.6040e-01     1.0000e-03
 171     7.6446e-01     1.0000e-03
 170     7.6864e-01     1.0000e-03
 169     7.7294e-01     1.0000e-03
 168     7.7719e-01     1.0000e-03
 167     7.8132e-01     1.0000e-03
 166     7.8565e-01     1.0000e-03
 165     7.8982e-01     1.0000e-03
 164     7.9410e-01     1.0000e-03
 163     7.9805e-01     1.0000e-03
 162     8.0222e-01     1.0000e-03
 161     8.0619e-01     1.0000e-03
 160     8.1040e-01     1.0000e-03
 159     8.1454e-01     1.0000e-03
 158     8.1885e-01     1.0000e-03
 157     8.2269e-01     1.0000e-03
 156     8.2685e-01     1.0000e-03
 155     8.3088e-01     1.0000e-03
 154     8.3500e-01     1.0000e-03
 153     8.3903e-01     1.0000e-03
 152     8.4318e-01     1.0000e-03
 151     8.4710e-01     1.0000e-03
 150     8.5121e-01     1.0000e-03
 149     8.5520e-01     1.0000e-03
 148     8.5926e-01     1.0000e-03
 147     8.6306e-01     1.0000e-03
 146     8.6696e-01     1.0000e-03
 145     8.7094e-01     1.0000e-03
 144     8.7501e-01     1.0000e-03
 143     8.7925e-01     1.0000e-03
 142     8.8295e-01     1.0000e-03
 141     8.8672e-01     1.0000e-03
 140     8.9072e-01     1.0000e-03
 139     8.9487e-01     1.0000e-03
 138     8.9880e-01     1.0000e-03
 137     9.0277e-01     1.0000e-03
 136     9.0698e-01     1.0000e-03
 135     9.1093e-01     1.0000e-03
 134     9.1507e-01     1.0000e-03
 133     9.1913e-01     1.0000e-03
 132     9.2306e-01     1.0000e-03
 131     9.2703e-01     1.0000e-03
 130     9.3105e-01     1.0000e-03
 129     9.3501e-01     1.0000e-03
 128     9.3896e-01     1.0000e-03
 127     9.4302e-01     1.0000e-03
 126     9.4689e-01     1.0000e-03
 125     9.5081e-01     1.0000e-03
 124     9.5489e-01     1.0000e-03
 123     9.5867e-01     1.0000e-03
 122     9.6259e-01     1.0000e-03
 121     9.6647e-01     1.0000e-03
 120     9.7029e-01     1.0000e-03
 119     9.7388e-01     1.0000e-03
 118     9.7741e-01     1.0000e-03
 117     9.8074e-01     1.0000e-03
 116     9.8380e-01     1.0000e-03
 115     9.8665e-01     1.0000e-03
 114     9.8915e-01     1.0000e-03
 113     9.9143e-01     1.0000e-03
 112     9.9333e-01     1.0000e-03
 111     9.9502e-01     1.0000e-03
 110     9.9637e-01     1.0000e-03
 109     9.9741e-01     1.0000e-03
 108     9.9820e-01     1.0000e-03
 107     9.9877e-01     1.0000e-03
 106     9.9916e-01     1.0000e-03
 105     9.9947e-01     1.0000e-03
 104     9.9968e-01     1.0000e-03
 103     9.9980e-01     1.0000e-03
 102     9.9989e-01     1.0000e-03
 101     9.9993e-01     1.0000e-03
 100     9.9996e-01     1.0000e-03
  99     9.9997e-01     1.0000e-03
  98     9.9998e-01     1.0000e-03
  97     9.9999e-01     1.0000e-03
  96     1.0000e+00     1.0000e-03
  95     1.0000e+00     1.0000e-03
