   90  330
 330     0.0000e+00     1.0000e-03
 329     2.7062e-06     1.0000e-03
 328     8.1187e-06     1.0000e-03
 327     1.0825e-05     1.0000e-03
 326     1.8944e-05     1.0000e-03
 325     2.1650e-05     1.0000e-03
 324     2.1650e-05     1.0000e-03
 323     2.1650e-05     1.0000e-03
 322     2.4356e-05     1.0000e-03
 321     2.7062e-05     1.0000e-03
 320     2.9769e-05     1.0000e-03
 319     2.9769e-05     1.0000e-03
 318     2.9769e-05     1.0000e-03
 317     2.9769e-05     1.0000e-03
 316     7.3068e-05     1.0000e-03
 315     6.1702e-04     1.0000e-03
 314     2.2786e-03     1.0000e-03
 313     5.8752e-03     1.0000e-03
 312     1.2262e-02     1.0000e-03
 311     2.0792e-02     1.0000e-03
 310     3.0827e-02     1.0000e-03
 309     4.0815e-02     1.0000e-03
 308     5.1031e-02     1.0000e-03
 307     6.0517e-02     1.0000e-03
 306     6.9772e-02     1.0000e-03
 305     7.8651e-02     1.0000e-03
 304     8.7187e-02     1.0000e-03
 303     9.5083e-02     1.0000e-03
 302     1.0300e-01     1.0000e-03
 301     1.1056e-01     1.0000e-03
 300     1.1814e-01     1.0000e-03
 299     1.2467e-01     1.0000e-03
 298     1.3104e-01     1.0000e-03
 297     1.3733e-01     1.0000e-03
 296     1.4322e-01     1.0000e-03
 295     1.4919e-01     1.0000e-03
 294     1.5506e-01     1.0000e-03
 293     1.6072e-01     1.0000e-03
 292     1.6619e-01     1.0000e-03
 291     1.7161e-01     1.0000e-03
 290     1.7670e-01     1.0000e-03
 289     1.8208e-01     1.0000e-03
 288     1.8735e-01     1.0000e-03
 287     1.9249e-01     1.0000e-03
 286     1.9728e-01     1.0000e-03
 285     2.0229e-01     1.0000e-03
 284     2.0736e-01     1.0000e-03
 283     2.1237e-01     1.0000e-03
 282     2.1712e-01     1.0000e-03
 281     2.2201e-01     1.0000e-03
 280     2.2713e-01     1.0000e-03
 279     2.3186e-01     1.0000e-03
 278     2.3688e-01     1.0000e-03
 277     2.4177e-01     1.0000e-03
 276     2.4641e-01     1.0000e-03
 275     2.5123e-01     1.0000e-03
 274     2.5607e-01     1.0000e-03
 273     2.6101e-01     1.0000e-03
 272     2.6598e-01     1.0000e-03
 271     2.7078e-01     1.0000e-03
 270     2.7541e-01     1.0000e-03
 269     2.8031e-01     1.0000e-03
 268     2.8506e-01     1.0000e-03
 267     2.8974e-01     1.0000e-03
 266     2.9461e-01     1.0000e-03
 265     2.9935e-01     1.0000e-03
 264     3.0414e-01     1.0000e-03
 263     3.0884e-01     1.0000e-03
 262     3.1363e-01     1.0000e-03
 261     3.1854e-01     1.0000e-03
 260     3.2326e-01     1.0000e-03
 259     3.2802e-01     1.0000e-03
 258     3.3274e-01     1.0000e-03
 257     3.3734e-01     1.0000e-03
 256     3.4202e-01     1.0000e-03
 255     3.4643e-01     1.0000e-03
 254     3.5101e-01     1.0000e-03
 253     3.5543e-01     1.0000e-03
 252     3.6018e-01     1.0000e-03
 251     3.6499e-01     1.0000e-03
 250     3.6971e-01     1.0000e-03
 249     3.7432e-01     1.0000e-03
 248     3.7933e-01     1.0000e-03
 247     3.8414e-01     1.0000e-03
 246     3.8882e-01     1.0000e-03
 245     3.9347e-01     1.0000e-03
 244     3.9830e-01     1.0000e-03
 243     4.0296e-01     1.0000e-03
 242     4.0761e-01     1.0000e-03
 241     4.1256e-01     1.0000e-03
 240     4.1747e-01     1.0000e-03
 239     4.2201e-01     1.0000e-03
 238     4.2660e-01     1.0000e-03
 237     4.3125e-01     1.0000e-03
 236     4.3594e-01     1.0000e-03
 235     4.4056e-01     1.0000e-03
 234     4.4526e-01     1.0000e-03
 233     4.4989e-01     1.0000e-03
 232     4.5455e-01     1.0000e-03
 231     4.5915e-01     1.0000e-03
 230     4.6384e-01     1.0000e-03
 229     4.6843e-01     1.0000e-03
 228     4.7296e-01     1.0000e-03
 227     4.7748e-01     1.0000e-03
 226     4.8201e-01     1.0000e-03
 225     4.8646e-01     1.0000e-03
 224     4.9115e-01     1.0000e-03
 223     4.9583e-01     1.0000e-03
 222     5.0023e-01     1.0000e-03
 221     5.0481e-01     1.0000e-03
 220     5.0945e-01     1.0000e-03
 219     5.1380e-01     1.0000e-03
 218     5.1830e-01     1.0000e-03
 217     5.2277e-01     1.0000e-03
 216     5.2746e-01     1.0000e-03
 215     5.3171e-01     1.0000e-03
 214     5.3644e-01     1.0000e-03
 213     5.4091e-01     1.0000e-03
 212     5.4531e-01     1.0000e-03
 211     5.4968e-01     1.0000e-03
 210     5.5434e-01     1.0000e-03
 209     5.5879e-01     1.0000e-03
 208     5.6321e-01     1.0000e-03
 207     5.6763e-01     1.0000e-03
 206     5.7213e-01     1.0000e-03
 205     5.7658e-01     1.0000e-03
 204     5.8112e-01     1.0000e-03
 203     5.8564e-01     1.0000e-03
 202     5.9019e-01     1.0000e-03
 201     5.9474e-01     1.0000e-03
 200     5.9925e-01     1.0000e-03
 199     6.0387e-01     1.0000e-03
 198     6.0830e-01     1.0000e-03
 197     6.1283e-01     1.0000e-03
 196     6.1740e-01     1.0000e-03
 195     6.2177e-01     1.0000e-03
 194     6.2618e-01     1.0000e-03
 193     6.3089e-01     1.0000e-03
 192     6.3524e-01     1.0000e-03
 191     6.3936e-01     1.0000e-03
 190     6.4398e-01     1.0000e-03
 189     6.4845e-01     1.0000e-03
 188     6.5282e-01     1.0000e-03
 187     6.5725e-01     1.0000e-03
 186     6.6190e-01     1.0000e-03
 185     6.6640e-01     1.0000e-03
 184     6.7109e-01     1.0000e-03
 183     6.7563e-01     1.0000e-03
 182     6.8018e-01     1.0000e-03
 181     6.8456e-01     1.0000e-03
 180     6.8907e-01     1.0000e-03
 179     6.9355e-01     1.0000e-03
 178     6.9794e-01     1.0000e-03
 177     7.0254e-01     1.0000e-03
 176     7.0715e-01     1.0000e-03
 175     7.1135e-01     1.0000e-03
 174     7.1591e-01     1.0000e-03
 173     7.2050e-01     1.0000e-03
 172     7.2488e-01     1.0000e-03
 171     7.2936e-01     1.0000e-03
 170     7.3373e-01     1.0000e-03
 169     7.3813e-01     1.0000e-03
 168     7.4266e-01     1.0000e-03
 167     7.4709e-01     1.0000e-03
 166     7.5142e-01     1.0000e-03
 165     7.5571e-01     1.0000e-03
 164     7.6016e-01     1.0000e-03
 163     7.6443e-01     1.0000e-03
 162     7.6883e-01     1.0000e-03
 161     7.7331e-01     1.0000e-03
 160     7.7796e-01     1.0000e-03
 159     7.8245e-01     1.0000e-03
 158     7.8697e-01     1.0000e-03
 157     7.9133e-01     1.0000e-03
 156     7.9585e-01     1.0000e-03
 155     8.0032e-01     1.0000e-03
 154     8.0474e-01     1.0000e-03
 153     8.0909e-01     1.0000e-03
 152     8.1355e-01     1.0000e-03
 151     8.1801e-01     1.0000e-03
 150     8.2246e-01     1.0000e-03
 149     8.2686e-01     1.0000e-03
 148     8.3139e-01     1.0000e-03
 147     8.3570e-01     1.0000e-03
 146     8.4015e-01     1.0000e-03
 145     8.4455e-01     1.0000e-03
 144     8.4909e-01     1.0000e-03
 143     8.5356e-01     1.0000e-03
 142     8.5794e-01     1.0000e-03
 141     8.6248e-01     1.0000e-03
 140     8.6684e-01     1.0000e-03
 139     8.7111e-01     1.0000e-03
 138     8.7560e-01     1.0000e-03
 137     8.7988e-01     1.0000e-03
 136     8.8435e-01     1.0000e-03
 135     8.8871e-01     1.0000e-03
 134     8.9300e-01     1.0000e-03
 133     8.9737e-01     1.0000e-03
 132     9.0171e-01     1.0000e-03
 131     9.0609e-01     1.0000e-03
 130     9.1056e-01     1.0000e-03
 129     9.1498e-01     1.0000e-03
 128     9.1953e-01     1.0000e-03
 127     9.2368e-01     1.0000e-03
 126     9.2811e-01     1.0000e-03
 125     9.3237e-01     1.0000e-03
 124     9.3672e-01     1.0000e-03
 123     9.4104e-01     1.0000e-03
 122     9.4529e-01     1.0000e-03
 121     9.4977e-01     1.0000e-03
 120     9.5440e-01     1.0000e-03
 119     9.5869e-01     1.0000e-03
 118     9.6308e-01     1.0000e-03
 117     9.6737e-01     1.0000e-03
 116     9.7154e-01     1.0000e-03
 115     9.7541e-01     1.0000e-03
 114     9.7885e-01     1.0000e-03
 113     9.8232e-01     1.0000e-03
 112     9.8547e-01     1.0000e-03
 111     9.8821e-01     1.0000e-03
 110     9.9077e-01     1.0000e-03
 109     9.9284e-01     1.0000e-03
 108     9.9460e-01     1.0000e-03
 107     9.9605e-01     1.0000e-03
 106     9.9722e-01     1.0000e-03
 105     9.9810e-01     1.0000e-03
 104     9.9875e-01     1.0000e-03
 103     9.9914e-01     1.0000e-03
 102     9.9949e-01     1.0000e-03
 101     9.9967e-01     1.0000e-03
 100     9.9980e-01     1.0000e-03
  99     9.9988e-01     1.0000e-03
  98     9.9992e-01     1.0000e-03
  97     9.9994e-01     1.0000e-03
  96     9.9996e-01     1.0000e-03
  95     9.9996e-01     1.0000e-03
  94     9.9997e-01     1.0000e-03
  93     9.9998e-01     1.0000e-03
  92     9.9998e-01     1.0000e-03
  91     9.9999e-01     1.0000e-03
  90     1.0000e+00     1.0000e-03
