   80  315
 315     1.7974e-05     1.0000e-03
 314     1.7974e-05     1.0000e-03
 313     1.7974e-05     1.0000e-03
 312     1.7974e-05     1.0000e-03
 311     5.3922e-05     1.0000e-03
 310     7.1896e-05     1.0000e-03
 309     3.7745e-04     1.0000e-03
 308     1.4918e-03     1.0000e-03
 307     3.5589e-03     1.0000e-03
 306     6.6683e-03     1.0000e-03
 305     1.1881e-02     1.0000e-03
 304     1.8603e-02     1.0000e-03
 303     2.7284e-02     1.0000e-03
 302     3.6703e-02     1.0000e-03
 301     4.6103e-02     1.0000e-03
 300     5.5845e-02     1.0000e-03
 299     6.4634e-02     1.0000e-03
 298     7.5023e-02     1.0000e-03
 297     8.4478e-02     1.0000e-03
 296     9.4238e-02     1.0000e-03
 295     1.0286e-01     1.0000e-03
 294     1.1077e-01     1.0000e-03
 293     1.1840e-01     1.0000e-03
 292     1.2603e-01     1.0000e-03
 291     1.3285e-01     1.0000e-03
 290     1.3982e-01     1.0000e-03
 289     1.4570e-01     1.0000e-03
 288     1.5168e-01     1.0000e-03
 287     1.5697e-01     1.0000e-03
 286     1.6295e-01     1.0000e-03
 285     1.6804e-01     1.0000e-03
 284     1.7399e-01     1.0000e-03
 283     1.7884e-01     1.0000e-03
 282     1.8418e-01     1.0000e-03
 281     1.8943e-01     1.0000e-03
 280     1.9457e-01     1.0000e-03
 279     1.9951e-01     1.0000e-03
 278     2.0453e-01     1.0000e-03
 277     2.0990e-01     1.0000e-03
 276     2.1470e-01     1.0000e-03
 275     2.1986e-01     1.0000e-03
 274     2.2468e-01     1.0000e-03
 273     2.2899e-01     1.0000e-03
 272     2.3363e-01     1.0000e-03
 271     2.3859e-01     1.0000e-03
 270     2.4380e-01     1.0000e-03
 269     2.4910e-01     1.0000e-03
 268     2.5385e-01     1.0000e-03
 267     2.5866e-01     1.0000e-03
 266     2.6290e-01     1.0000e-03
 265     2.6708e-01     1.0000e-03
 264     2.7196e-01     1.0000e-03
 263     2.7694e-01     1.0000e-03
 262     2.8181e-01     1.0000e-03
 261     2.8652e-01     1.0000e-03
 260     2.9202e-01     1.0000e-03
 259     2.9670e-01     1.0000e-03
 258     3.0132e-01     1.0000e-03
 257     3.0572e-01     1.0000e-03
 256     3.1011e-01     1.0000e-03
 255     3.1472e-01     1.0000e-03
 254     3.1918e-01     1.0000e-03
 253     3.2362e-01     1.0000e-03
 252     3.2817e-01     1.0000e-03
 251     3.3299e-01     1.0000e-03
 250     3.3705e-01     1.0000e-03
 249     3.4186e-01     1.0000e-03
 248     3.4647e-01     1.0000e-03
 247     3.5037e-01     1.0000e-03
 246     3.5432e-01     1.0000e-03
 245     3.5907e-01     1.0000e-03
 244     3.6361e-01     1.0000e-03
 243     3.6823e-01     1.0000e-03
 242     3.7273e-01     1.0000e-03
 241     3.7650e-01     1.0000e-03
 240     3.8078e-01     1.0000e-03
 239     3.8563e-01     1.0000e-03
 238     3.9021e-01     1.0000e-03
 237     3.9476e-01     1.0000e-03
 236     3.9935e-01     1.0000e-03
 235     4.0384e-01     1.0000e-03
 234     4.0853e-01     1.0000e-03
 233     4.1319e-01     1.0000e-03
 232     4.1753e-01     1.0000e-03
 231     4.2255e-01     1.0000e-03
 230     4.2744e-01     1.0000e-03
 229     4.3188e-01     1.0000e-03
 228     4.3635e-01     1.0000e-03
 227     4.4106e-01     1.0000e-03
 226     4.4539e-01     1.0000e-03
 225     4.5000e-01     1.0000e-03
 224     4.5469e-01     1.0000e-03
 223     4.5859e-01     1.0000e-03
 222     4.6326e-01     1.0000e-03
 221     4.6770e-01     1.0000e-03
 220     4.7239e-01     1.0000e-03
 219     4.7633e-01     1.0000e-03
 218     4.8111e-01     1.0000e-03
 217     4.8550e-01     1.0000e-03
 216     4.9047e-01     1.0000e-03
 215     4.9538e-01     1.0000e-03
 214     5.0020e-01     1.0000e-03
 213     5.0525e-01     1.0000e-03
 212     5.0980e-01     1.0000e-03
 211     5.1479e-01     1.0000e-03
 210     5.1981e-01     1.0000e-03
 209     5.2419e-01     1.0000e-03
 208     5.2878e-01     1.0000e-03
 207     5.3298e-01     1.0000e-03
 206     5.3807e-01     1.0000e-03
 205     5.4249e-01     1.0000e-03
 204     5.4688e-01     1.0000e-03
 203     5.5139e-01     1.0000e-03
 202     5.5565e-01     1.0000e-03
 201     5.5957e-01     1.0000e-03
 200     5.6399e-01     1.0000e-03
 199     5.6891e-01     1.0000e-03
 198     5.7355e-01     1.0000e-03
 197     5.7799e-01     1.0000e-03
 196     5.8257e-01     1.0000e-03
 195     5.8681e-01     1.0000e-03
 194     5.9142e-01     1.0000e-03
 193     5.9576e-01     1.0000e-03
 192     6.0028e-01     1.0000e-03
 191     6.0511e-01     1.0000e-03
 190     6.0937e-01     1.0000e-03
 189     6.1372e-01     1.0000e-03
 188     6.1870e-01     1.0000e-03
 187     6.2386e-01     1.0000e-03
 186     6.2828e-01     1.0000e-03
 185     6.3270e-01     1.0000e-03
 184     6.3727e-01     1.0000e-03
 183     6.4169e-01     1.0000e-03
 182     6.4573e-01     1.0000e-03
 181     6.5028e-01     1.0000e-03
 180     6.5461e-01     1.0000e-03
 179     6.5884e-01     1.0000e-03
 178     6.6344e-01     1.0000e-03
 177     6.6788e-01     1.0000e-03
 176     6.7212e-01     1.0000e-03
 175     6.7672e-01     1.0000e-03
 174     6.8141e-01     1.0000e-03
 173     6.8578e-01     1.0000e-03
 172     6.8995e-01     1.0000e-03
 171     6.9419e-01     1.0000e-03
 170     6.9877e-01     1.0000e-03
 169     7.0359e-01     1.0000e-03
 168     7.0832e-01     1.0000e-03
 167     7.1324e-01     1.0000e-03
 166     7.1743e-01     1.0000e-03
 165     7.2218e-01     1.0000e-03
 164     7.2651e-01     1.0000e-03
 163     7.3032e-01     1.0000e-03
 162     7.3488e-01     1.0000e-03
 161     7.3904e-01     1.0000e-03
 160     7.4324e-01     1.0000e-03
 159     7.4777e-01     1.0000e-03
 158     7.5234e-01     1.0000e-03
 157     7.5705e-01     1.0000e-03
 156     7.6159e-01     1.0000e-03
 155     7.6602e-01     1.0000e-03
 154     7.6972e-01     1.0000e-03
 153     7.7392e-01     1.0000e-03
 152     7.7858e-01     1.0000e-03
 151     7.8322e-01     1.0000e-03
 150     7.8762e-01     1.0000e-03
 149     7.9163e-01     1.0000e-03
 148     7.9576e-01     1.0000e-03
 147     7.9997e-01     1.0000e-03
 146     8.0414e-01     1.0000e-03
 145     8.0895e-01     1.0000e-03
 144     8.1336e-01     1.0000e-03
 143     8.1740e-01     1.0000e-03
 142     8.2168e-01     1.0000e-03
 141     8.2587e-01     1.0000e-03
 140     8.3040e-01     1.0000e-03
 139     8.3511e-01     1.0000e-03
 138     8.3926e-01     1.0000e-03
 137     8.4373e-01     1.0000e-03
 136     8.4794e-01     1.0000e-03
 135     8.5200e-01     1.0000e-03
 134     8.5650e-01     1.0000e-03
 133     8.6106e-01     1.0000e-03
 132     8.6555e-01     1.0000e-03
 131     8.6972e-01     1.0000e-03
 130     8.7411e-01     1.0000e-03
 129     8.7824e-01     1.0000e-03
 128     8.8330e-01     1.0000e-03
 127     8.8736e-01     1.0000e-03
 126     8.9151e-01     1.0000e-03
 125     8.9536e-01     1.0000e-03
 124     8.9965e-01     1.0000e-03
 123     9.0368e-01     1.0000e-03
 122     9.0814e-01     1.0000e-03
 121     9.1225e-01     1.0000e-03
 120     9.1646e-01     1.0000e-03
 119     9.2063e-01     1.0000e-03
 118     9.2485e-01     1.0000e-03
 117     9.2841e-01     1.0000e-03
 116     9.3288e-01     1.0000e-03
 115     9.3724e-01     1.0000e-03
 114     9.4148e-01     1.0000e-03
 113     9.4588e-01     1.0000e-03
 112     9.5023e-01     1.0000e-03
 111     9.5460e-01     1.0000e-03
 110     9.5915e-01     1.0000e-03
 109     9.6349e-01     1.0000e-03
 108     9.6759e-01     1.0000e-03
 107     9.7149e-01     1.0000e-03
 106     9.7561e-01     1.0000e-03
 105     9.7928e-01     1.0000e-03
 104     9.8284e-01     1.0000e-03
 103     9.8616e-01     1.0000e-03
 102     9.8869e-01     1.0000e-03
 101     9.9128e-01     1.0000e-03
 100     9.9347e-01     1.0000e-03
  99     9.9527e-01     1.0000e-03
  98     9.9694e-01     1.0000e-03
  97     9.9795e-01     1.0000e-03
  96     9.9863e-01     1.0000e-03
  95     9.9908e-01     1.0000e-03
  94     9.9944e-01     1.0000e-03
  93     9.9962e-01     1.0000e-03
  92     9.9969e-01     1.0000e-03
  91     9.9975e-01     1.0000e-03
  90     9.9982e-01     1.0000e-03
  89     9.9989e-01     1.0000e-03
  88     9.9989e-01     1.0000e-03
  87     9.9991e-01     1.0000e-03
  86     9.9991e-01     1.0000e-03
  85     9.9991e-01     1.0000e-03
  84     9.9991e-01     1.0000e-03
  83     9.9996e-01     1.0000e-03
  82     9.9998e-01     1.0000e-03
  81     1.0000e+00     1.0000e-03
  80     1.0000e+00     1.0000e-03
