  100  335
 335     1.2807e-06     1.0000e-03
 334     2.5613e-06     1.0000e-03
 333     2.5613e-06     1.0000e-03
 332     2.5613e-06     1.0000e-03
 331     2.5613e-06     1.0000e-03
 330     2.5613e-06     1.0000e-03
 329     7.6840e-06     1.0000e-03
 328     6.6594e-05     1.0000e-03
 327     4.4311e-04     1.0000e-03
 326     1.6713e-03     1.0000e-03
 325     4.0866e-03     1.0000e-03
 324     8.3012e-03     1.0000e-03
 323     1.4199e-02     1.0000e-03
 322     2.2040e-02     1.0000e-03
 321     3.0804e-02     1.0000e-03
 320     4.0543e-02     1.0000e-03
 319     5.0336e-02     1.0000e-03
 318     6.0177e-02     1.0000e-03
 317     6.9875e-02     1.0000e-03
 316     7.9629e-02     1.0000e-03
 315     8.8695e-02     1.0000e-03
 314     9.7431e-02     1.0000e-03
 313     1.0591e-01     1.0000e-03
 312     1.1382e-01     1.0000e-03
 311     1.2110e-01     1.0000e-03
 310     1.2828e-01     1.0000e-03
 309     1.3489e-01     1.0000e-03
 308     1.4142e-01     1.0000e-03
 307     1.4742e-01     1.0000e-03
 306     1.5331e-01     1.0000e-03
 305     1.5895e-01     1.0000e-03
 304     1.6462e-01     1.0000e-03
 303     1.6992e-01     1.0000e-03
 302     1.7528e-01     1.0000e-03
 301     1.8064e-01     1.0000e-03
 300     1.8600e-01     1.0000e-03
 299     1.9111e-01     1.0000e-03
 298     1.9622e-01     1.0000e-03
 297     2.0123e-01     1.0000e-03
 296     2.0635e-01     1.0000e-03
 295     2.1124e-01     1.0000e-03
 294     2.1612e-01     1.0000e-03
 293     2.2098e-01     1.0000e-03
 292     2.2611e-01     1.0000e-03
 291     2.3088e-01     1.0000e-03
 290     2.3578e-01     1.0000e-03
 289     2.4058e-01     1.0000e-03
 288     2.4556e-01     1.0000e-03
 287     2.5027e-01     1.0000e-03
 286     2.5508e-01     1.0000e-03
 285     2.5984e-01     1.0000e-03
 284     2.6482e-01     1.0000e-03
 283     2.6967e-01     1.0000e-03
 282     2.7449e-01     1.0000e-03
 281     2.7920e-01     1.0000e-03
 280     2.8411e-01     1.0000e-03
 279     2.8895e-01     1.0000e-03
 278     2.9385e-01     1.0000e-03
 277     2.9863e-01     1.0000e-03
 276     3.0356e-01     1.0000e-03
 275     3.0819e-01     1.0000e-03
 274     3.1294e-01     1.0000e-03
 273     3.1771e-01     1.0000e-03
 272     3.2245e-01     1.0000e-03
 271     3.2713e-01     1.0000e-03
 270     3.3177e-01     1.0000e-03
 269     3.3640e-01     1.0000e-03
 268     3.4117e-01     1.0000e-03
 267     3.4580e-01     1.0000e-03
 266     3.5033e-01     1.0000e-03
 265     3.5472e-01     1.0000e-03
 264     3.5926e-01     1.0000e-03
 263     3.6391e-01     1.0000e-03
 262     3.6874e-01     1.0000e-03
 261     3.7346e-01     1.0000e-03
 260     3.7809e-01     1.0000e-03
 259     3.8286e-01     1.0000e-03
 258     3.8766e-01     1.0000e-03
 257     3.9255e-01     1.0000e-03
 256     3.9730e-01     1.0000e-03
 255     4.0197e-01     1.0000e-03
 254     4.0658e-01     1.0000e-03
 253     4.1122e-01     1.0000e-03
 252     4.1590e-01     1.0000e-03
 251     4.2049e-01     1.0000e-03
 250     4.2511e-01     1.0000e-03
 249     4.2984e-01     1.0000e-03
 248     4.3457e-01     1.0000e-03
 247     4.3901e-01     1.0000e-03
 246     4.4364e-01     1.0000e-03
 245     4.4817e-01     1.0000e-03
 244     4.5277e-01     1.0000e-03
 243     4.5739e-01     1.0000e-03
 242     4.6196e-01     1.0000e-03
 241     4.6652e-01     1.0000e-03
 240     4.7125e-01     1.0000e-03
 239     4.7569e-01     1.0000e-03
 238     4.8029e-01     1.0000e-03
 237     4.8472e-01     1.0000e-03
 236     4.8939e-01     1.0000e-03
 235     4.9399e-01     1.0000e-03
 234     4.9866e-01     1.0000e-03
 233     5.0331e-01     1.0000e-03
 232     5.0804e-01     1.0000e-03
 231     5.1258e-01     1.0000e-03
 230     5.1730e-01     1.0000e-03
 229     5.2187e-01     1.0000e-03
 228     5.2645e-01     1.0000e-03
 227     5.3113e-01     1.0000e-03
 226     5.3575e-01     1.0000e-03
 225     5.4035e-01     1.0000e-03
 224     5.4507e-01     1.0000e-03
 223     5.4960e-01     1.0000e-03
 222     5.5427e-01     1.0000e-03
 221     5.5891e-01     1.0000e-03
 220     5.6357e-01     1.0000e-03
 219     5.6806e-01     1.0000e-03
 218     5.7269e-01     1.0000e-03
 217     5.7723e-01     1.0000e-03
 216     5.8189e-01     1.0000e-03
 215     5.8641e-01     1.0000e-03
 214     5.9102e-01     1.0000e-03
 213     5.9556e-01     1.0000e-03
 212     6.0034e-01     1.0000e-03
 211     6.0475e-01     1.0000e-03
 210     6.0937e-01     1.0000e-03
 209     6.1399e-01     1.0000e-03
 208     6.1874e-01     1.0000e-03
 207     6.2330e-01     1.0000e-03
 206     6.2785e-01     1.0000e-03
 205     6.3242e-01     1.0000e-03
 204     6.3697e-01     1.0000e-03
 203     6.4143e-01     1.0000e-03
 202     6.4597e-01     1.0000e-03
 201     6.5048e-01     1.0000e-03
 200     6.5489e-01     1.0000e-03
 199     6.5938e-01     1.0000e-03
 198     6.6385e-01     1.0000e-03
 197     6.6833e-01     1.0000e-03
 196     6.7291e-01     1.0000e-03
 195     6.7728e-01     1.0000e-03
 194     6.8185e-01     1.0000e-03
 193     6.8631e-01     1.0000e-03
 192     6.9081e-01     1.0000e-03
 191     6.9527e-01     1.0000e-03
 190     6.9985e-01     1.0000e-03
 189     7.0426e-01     1.0000e-03
 188     7.0871e-01     1.0000e-03
 187     7.1306e-01     1.0000e-03
 186     7.1744e-01     1.0000e-03
 185     7.2188e-01     1.0000e-03
 184     7.2647e-01     1.0000e-03
 183     7.3090e-01     1.0000e-03
 182     7.3530e-01     1.0000e-03
 181     7.3971e-01     1.0000e-03
 180     7.4415e-01     1.0000e-03
 179     7.4857e-01     1.0000e-03
 178     7.5304e-01     1.0000e-03
 177     7.5761e-01     1.0000e-03
 176     7.6213e-01     1.0000e-03
 175     7.6641e-01     1.0000e-03
 174     7.7094e-01     1.0000e-03
 173     7.7547e-01     1.0000e-03
 172     7.7993e-01     1.0000e-03
 171     7.8416e-01     1.0000e-03
 170     7.8863e-01     1.0000e-03
 169     7.9297e-01     1.0000e-03
 168     7.9740e-01     1.0000e-03
 167     8.0170e-01     1.0000e-03
 166     8.0593e-01     1.0000e-03
 165     8.1026e-01     1.0000e-03
 164     8.1469e-01     1.0000e-03
 163     8.1911e-01     1.0000e-03
 162     8.2365e-01     1.0000e-03
 161     8.2797e-01     1.0000e-03
 160     8.3237e-01     1.0000e-03
 159     8.3657e-01     1.0000e-03
 158     8.4096e-01     1.0000e-03
 157     8.4527e-01     1.0000e-03
 156     8.4960e-01     1.0000e-03
 155     8.5385e-01     1.0000e-03
 154     8.5812e-01     1.0000e-03
 153     8.6242e-01     1.0000e-03
 152     8.6679e-01     1.0000e-03
 151     8.7104e-01     1.0000e-03
 150     8.7535e-01     1.0000e-03
 149     8.7970e-01     1.0000e-03
 148     8.8419e-01     1.0000e-03
 147     8.8855e-01     1.0000e-03
 146     8.9292e-01     1.0000e-03
 145     8.9712e-01     1.0000e-03
 144     9.0150e-01     1.0000e-03
 143     9.0569e-01     1.0000e-03
 142     9.1010e-01     1.0000e-03
 141     9.1446e-01     1.0000e-03
 140     9.1884e-01     1.0000e-03
 139     9.2324e-01     1.0000e-03
 138     9.2749e-01     1.0000e-03
 137     9.3182e-01     1.0000e-03
 136     9.3619e-01     1.0000e-03
 135     9.4037e-01     1.0000e-03
 134     9.4468e-01     1.0000e-03
 133     9.4888e-01     1.0000e-03
 132     9.5326e-01     1.0000e-03
 131     9.5762e-01     1.0000e-03
 130     9.6181e-01     1.0000e-03
 129     9.6604e-01     1.0000e-03
 128     9.7033e-01     1.0000e-03
 127     9.7432e-01     1.0000e-03
 126     9.7837e-01     1.0000e-03
 125     9.8218e-01     1.0000e-03
 124     9.8569e-01     1.0000e-03
 123     9.8882e-01     1.0000e-03
 122     9.9149e-01     1.0000e-03
 121     9.9368e-01     1.0000e-03
 120     9.9556e-01     1.0000e-03
 119     9.9690e-01     1.0000e-03
 118     9.9792e-01     1.0000e-03
 117     9.9869e-01     1.0000e-03
 116     9.9921e-01     1.0000e-03
 115     9.9955e-01     1.0000e-03
 114     9.9973e-01     1.0000e-03
 113     9.9984e-01     1.0000e-03
 112     9.9991e-01     1.0000e-03
 111     9.9995e-01     1.0000e-03
 110     9.9997e-01     1.0000e-03
 109     9.9998e-01     1.0000e-03
 108     9.9999e-01     1.0000e-03
 107     9.9999e-01     1.0000e-03
 106     9.9999e-01     1.0000e-03
 105     9.9999e-01     1.0000e-03
 104     9.9999e-01     1.0000e-03
 103     1.0000e+00     1.0000e-03
 102     1.0000e+00     1.0000e-03
 101     1.0000e+00     1.0000e-03
 100     1.0000e+00     1.0000e-03
