   95  315
 315     9.9251e-07     1.0000e-03
 314     2.9775e-06     1.0000e-03
 313     3.9701e-06     1.0000e-03
 312     3.0768e-05     1.0000e-03
 311     3.7616e-04     1.0000e-03
 310     1.9027e-03     1.0000e-03
 309     5.9501e-03     1.0000e-03
 308     1.3728e-02     1.0000e-03
 307     2.4650e-02     1.0000e-03
 306     3.7411e-02     1.0000e-03
 305     5.0140e-02     1.0000e-03
 304     6.2325e-02     1.0000e-03
 303     7.3368e-02     1.0000e-03
 302     8.4128e-02     1.0000e-03
 301     9.4447e-02     1.0000e-03
 300     1.0468e-01     1.0000e-03
 299     1.1443e-01     1.0000e-03
 298     1.2389e-01     1.0000e-03
 297     1.3314e-01     1.0000e-03
 296     1.4202e-01     1.0000e-03
 295     1.5027e-01     1.0000e-03
 294     1.5803e-01     1.0000e-03
 293     1.6548e-01     1.0000e-03
 292     1.7243e-01     1.0000e-03
 291     1.7894e-01     1.0000e-03
 290     1.8522e-01     1.0000e-03
 289     1.9117e-01     1.0000e-03
 288     1.9703e-01     1.0000e-03
 287     2.0262e-01     1.0000e-03
 286     2.0819e-01     1.0000e-03
 285     2.1346e-01     1.0000e-03
 284     2.1882e-01     1.0000e-03
 283     2.2392e-01     1.0000e-03
 282     2.2915e-01     1.0000e-03
 281     2.3425e-01     1.0000e-03
 280     2.3938e-01     1.0000e-03
 279     2.4433e-01     1.0000e-03
 278     2.4924e-01     1.0000e-03
 277     2.5428e-01     1.0000e-03
 276     2.5925e-01     1.0000e-03
 275     2.6416e-01     1.0000e-03
 274     2.6903e-01     1.0000e-03
 273     2.7377e-01     1.0000e-03
 272     2.7871e-01     1.0000e-03
 271     2.8337e-01     1.0000e-03
 270     2.8810e-01     1.0000e-03
 269     2.9264e-01     1.0000e-03
 268     2.9732e-01     1.0000e-03
 267     3.0185e-01     1.0000e-03
 266     3.0630e-01     1.0000e-03
 265     3.1084e-01     1.0000e-03
 264     3.1537e-01     1.0000e-03
 263     3.1973e-01     1.0000e-03
 262     3.2429e-01     1.0000e-03
 261     3.2861e-01     1.0000e-03
 260     3.3317e-01     1.0000e-03
 259     3.3776e-01     1.0000e-03
 258     3.4229e-01     1.0000e-03
 257     3.4682e-01     1.0000e-03
 256     3.5158e-01     1.0000e-03
 255     3.5626e-01     1.0000e-03
 254     3.6110e-01     1.0000e-03
 253     3.6575e-01     1.0000e-03
 252     3.7051e-01     1.0000e-03
 251     3.7519e-01     1.0000e-03
 250     3.7995e-01     1.0000e-03
 249     3.8457e-01     1.0000e-03
 248     3.8931e-01     1.0000e-03
 247     3.9403e-01     1.0000e-03
 246     3.9861e-01     1.0000e-03
 245     4.0328e-01     1.0000e-03
 244     4.0806e-01     1.0000e-03
 243     4.1271e-01     1.0000e-03
 242     4.1747e-01     1.0000e-03
 241     4.2217e-01     1.0000e-03
 240     4.2691e-01     1.0000e-03
 239     4.3141e-01     1.0000e-03
 238     4.3599e-01     1.0000e-03
 237     4.4057e-01     1.0000e-03
 236     4.4529e-01     1.0000e-03
 235     4.4988e-01     1.0000e-03
 234     4.5457e-01     1.0000e-03
 233     4.5921e-01     1.0000e-03
 232     4.6393e-01     1.0000e-03
 231     4.6845e-01     1.0000e-03
 230     4.7303e-01     1.0000e-03
 229     4.7764e-01     1.0000e-03
 228     4.8217e-01     1.0000e-03
 227     4.8658e-01     1.0000e-03
 226     4.9125e-01     1.0000e-03
 225     4.9573e-01     1.0000e-03
 224     5.0037e-01     1.0000e-03
 223     5.0502e-01     1.0000e-03
 222     5.0957e-01     1.0000e-03
 221     5.1426e-01     1.0000e-03
 220     5.1895e-01     1.0000e-03
 219     5.2354e-01     1.0000e-03
 218     5.2806e-01     1.0000e-03
 217     5.3260e-01     1.0000e-03
 216     5.3711e-01     1.0000e-03
 215     5.4155e-01     1.0000e-03
 214     5.4599e-01     1.0000e-03
 213     5.5045e-01     1.0000e-03
 212     5.5498e-01     1.0000e-03
 211     5.5954e-01     1.0000e-03
 210     5.6402e-01     1.0000e-03
 209     5.6847e-01     1.0000e-03
 208     5.7293e-01     1.0000e-03
 207     5.7727e-01     1.0000e-03
 206     5.8182e-01     1.0000e-03
 205     5.8627e-01     1.0000e-03
 204     5.9086e-01     1.0000e-03
 203     5.9527e-01     1.0000e-03
 202     5.9975e-01     1.0000e-03
 201     6.0423e-01     1.0000e-03
 200     6.0869e-01     1.0000e-03
 199     6.1298e-01     1.0000e-03
 198     6.1734e-01     1.0000e-03
 197     6.2162e-01     1.0000e-03
 196     6.2609e-01     1.0000e-03
 195     6.3043e-01     1.0000e-03
 194     6.3487e-01     1.0000e-03
 193     6.3917e-01     1.0000e-03
 192     6.4363e-01     1.0000e-03
 191     6.4797e-01     1.0000e-03
 190     6.5239e-01     1.0000e-03
 189     6.5685e-01     1.0000e-03
 188     6.6138e-01     1.0000e-03
 187     6.6569e-01     1.0000e-03
 186     6.7005e-01     1.0000e-03
 185     6.7457e-01     1.0000e-03
 184     6.7902e-01     1.0000e-03
 183     6.8336e-01     1.0000e-03
 182     6.8787e-01     1.0000e-03
 181     6.9231e-01     1.0000e-03
 180     6.9672e-01     1.0000e-03
 179     7.0106e-01     1.0000e-03
 178     7.0546e-01     1.0000e-03
 177     7.0991e-01     1.0000e-03
 176     7.1432e-01     1.0000e-03
 175     7.1866e-01     1.0000e-03
 174     7.2298e-01     1.0000e-03
 173     7.2739e-01     1.0000e-03
 172     7.3191e-01     1.0000e-03
 171     7.3633e-01     1.0000e-03
 170     7.4075e-01     1.0000e-03
 169     7.4498e-01     1.0000e-03
 168     7.4946e-01     1.0000e-03
 167     7.5377e-01     1.0000e-03
 166     7.5811e-01     1.0000e-03
 165     7.6253e-01     1.0000e-03
 164     7.6689e-01     1.0000e-03
 163     7.7128e-01     1.0000e-03
 162     7.7557e-01     1.0000e-03
 161     7.7992e-01     1.0000e-03
 160     7.8443e-01     1.0000e-03
 159     7.8874e-01     1.0000e-03
 158     7.9302e-01     1.0000e-03
 157     7.9722e-01     1.0000e-03
 156     8.0157e-01     1.0000e-03
 155     8.0588e-01     1.0000e-03
 154     8.1021e-01     1.0000e-03
 153     8.1455e-01     1.0000e-03
 152     8.1888e-01     1.0000e-03
 151     8.2319e-01     1.0000e-03
 150     8.2749e-01     1.0000e-03
 149     8.3171e-01     1.0000e-03
 148     8.3609e-01     1.0000e-03
 147     8.4031e-01     1.0000e-03
 146     8.4446e-01     1.0000e-03
 145     8.4879e-01     1.0000e-03
 144     8.5298e-01     1.0000e-03
 143     8.5724e-01     1.0000e-03
 142     8.6149e-01     1.0000e-03
 141     8.6574e-01     1.0000e-03
 140     8.7005e-01     1.0000e-03
 139     8.7427e-01     1.0000e-03
 138     8.7854e-01     1.0000e-03
 137     8.8276e-01     1.0000e-03
 136     8.8693e-01     1.0000e-03
 135     8.9100e-01     1.0000e-03
 134     8.9512e-01     1.0000e-03
 133     8.9936e-01     1.0000e-03
 132     9.0373e-01     1.0000e-03
 131     9.0786e-01     1.0000e-03
 130     9.1208e-01     1.0000e-03
 129     9.1623e-01     1.0000e-03
 128     9.2059e-01     1.0000e-03
 127     9.2466e-01     1.0000e-03
 126     9.2881e-01     1.0000e-03
 125     9.3304e-01     1.0000e-03
 124     9.3736e-01     1.0000e-03
 123     9.4139e-01     1.0000e-03
 122     9.4544e-01     1.0000e-03
 121     9.4962e-01     1.0000e-03
 120     9.5388e-01     1.0000e-03
 119     9.5793e-01     1.0000e-03
 118     9.6203e-01     1.0000e-03
 117     9.6602e-01     1.0000e-03
 116     9.6994e-01     1.0000e-03
 115     9.7374e-01     1.0000e-03
 114     9.7738e-01     1.0000e-03
 113     9.8091e-01     1.0000e-03
 112     9.8421e-01     1.0000e-03
 111     9.8726e-01     1.0000e-03
 110     9.8996e-01     1.0000e-03
 109     9.9235e-01     1.0000e-03
 108     9.9428e-01     1.0000e-03
 107     9.9591e-01     1.0000e-03
 106     9.9721e-01     1.0000e-03
 105     9.9816e-01     1.0000e-03
 104     9.9885e-01     1.0000e-03
 103     9.9927e-01     1.0000e-03
 102     9.9958e-01     1.0000e-03
 101     9.9977e-01     1.0000e-03
 100     9.9989e-01     1.0000e-03
  99     9.9994e-01     1.0000e-03
  98     9.9997e-01     1.0000e-03
  97     9.9999e-01     1.0000e-03
  96     9.9999e-01     1.0000e-03
  95     1.0000e+00     1.0000e-03
