   95  320
 320     0.0000e+00     1.0000e-03
 319     1.1347e-06     1.0000e-03
 318     2.2694e-06     1.0000e-03
 317     2.2694e-06     1.0000e-03
 316     1.7020e-05     1.0000e-03
 315     1.9290e-04     1.0000e-03
 314     9.5880e-04     1.0000e-03
 313     2.9978e-03     1.0000e-03
 312     6.9363e-03     1.0000e-03
 311     1.3300e-02     1.0000e-03
 310     2.1949e-02     1.0000e-03
 309     3.1798e-02     1.0000e-03
 308     4.2366e-02     1.0000e-03
 307     5.2515e-02     1.0000e-03
 306     6.2321e-02     1.0000e-03
 305     7.1755e-02     1.0000e-03
 304     8.0791e-02     1.0000e-03
 303     8.9245e-02     1.0000e-03
 302     9.7520e-02     1.0000e-03
 301     1.0558e-01     1.0000e-03
 300     1.1309e-01     1.0000e-03
 299     1.2022e-01     1.0000e-03
 298     1.2712e-01     1.0000e-03
 297     1.3369e-01     1.0000e-03
 296     1.3999e-01     1.0000e-03
 295     1.4599e-01     1.0000e-03
 294     1.5198e-01     1.0000e-03
 293     1.5779e-01     1.0000e-03
 292     1.6356e-01     1.0000e-03
 291     1.6901e-01     1.0000e-03
 290     1.7441e-01     1.0000e-03
 289     1.7980e-01     1.0000e-03
 288     1.8514e-01     1.0000e-03
 287     1.9042e-01     1.0000e-03
 286     1.9574e-01     1.0000e-03
 285     2.0094e-01     1.0000e-03
 284     2.0627e-01     1.0000e-03
 283     2.1140e-01     1.0000e-03
 282     2.1653e-01     1.0000e-03
 281     2.2141e-01     1.0000e-03
 280     2.2636e-01     1.0000e-03
 279     2.3132e-01     1.0000e-03
 278     2.3625e-01     1.0000e-03
 277     2.4125e-01     1.0000e-03
 276     2.4625e-01     1.0000e-03
 275     2.5131e-01     1.0000e-03
 274     2.5639e-01     1.0000e-03
 273     2.6123e-01     1.0000e-03
 272     2.6631e-01     1.0000e-03
 271     2.7123e-01     1.0000e-03
 270     2.7615e-01     1.0000e-03
 269     2.8121e-01     1.0000e-03
 268     2.8615e-01     1.0000e-03
 267     2.9110e-01     1.0000e-03
 266     2.9602e-01     1.0000e-03
 265     3.0089e-01     1.0000e-03
 264     3.0589e-01     1.0000e-03
 263     3.1066e-01     1.0000e-03
 262     3.1539e-01     1.0000e-03
 261     3.2021e-01     1.0000e-03
 260     3.2508e-01     1.0000e-03
 259     3.2995e-01     1.0000e-03
 258     3.3484e-01     1.0000e-03
 257     3.3978e-01     1.0000e-03
 256     3.4457e-01     1.0000e-03
 255     3.4916e-01     1.0000e-03
 254     3.5386e-01     1.0000e-03
 253     3.5855e-01     1.0000e-03
 252     3.6333e-01     1.0000e-03
 251     3.6802e-01     1.0000e-03
 250     3.7287e-01     1.0000e-03
 249     3.7782e-01     1.0000e-03
 248     3.8286e-01     1.0000e-03
 247     3.8771e-01     1.0000e-03
 246     3.9279e-01     1.0000e-03
 245     3.9768e-01     1.0000e-03
 244     4.0261e-01     1.0000e-03
 243     4.0750e-01     1.0000e-03
 242     4.1225e-01     1.0000e-03
 241     4.1710e-01     1.0000e-03
 240     4.2211e-01     1.0000e-03
 239     4.2683e-01     1.0000e-03
 238     4.3170e-01     1.0000e-03
 237     4.3648e-01     1.0000e-03
 236     4.4136e-01     1.0000e-03
 235     4.4632e-01     1.0000e-03
 234     4.5121e-01     1.0000e-03
 233     4.5592e-01     1.0000e-03
 232     4.6076e-01     1.0000e-03
 231     4.6540e-01     1.0000e-03
 230     4.7005e-01     1.0000e-03
 229     4.7485e-01     1.0000e-03
 228     4.7962e-01     1.0000e-03
 227     4.8434e-01     1.0000e-03
 226     4.8908e-01     1.0000e-03
 225     4.9392e-01     1.0000e-03
 224     4.9881e-01     1.0000e-03
 223     5.0357e-01     1.0000e-03
 222     5.0833e-01     1.0000e-03
 221     5.1299e-01     1.0000e-03
 220     5.1748e-01     1.0000e-03
 219     5.2213e-01     1.0000e-03
 218     5.2681e-01     1.0000e-03
 217     5.3142e-01     1.0000e-03
 216     5.3614e-01     1.0000e-03
 215     5.4087e-01     1.0000e-03
 214     5.4579e-01     1.0000e-03
 213     5.5048e-01     1.0000e-03
 212     5.5525e-01     1.0000e-03
 211     5.5981e-01     1.0000e-03
 210     5.6446e-01     1.0000e-03
 209     5.6905e-01     1.0000e-03
 208     5.7375e-01     1.0000e-03
 207     5.7832e-01     1.0000e-03
 206     5.8279e-01     1.0000e-03
 205     5.8715e-01     1.0000e-03
 204     5.9164e-01     1.0000e-03
 203     5.9610e-01     1.0000e-03
 202     6.0067e-01     1.0000e-03
 201     6.0528e-01     1.0000e-03
 200     6.1000e-01     1.0000e-03
 199     6.1454e-01     1.0000e-03
 198     6.1917e-01     1.0000e-03
 197     6.2376e-01     1.0000e-03
 196     6.2829e-01     1.0000e-03
 195     6.3274e-01     1.0000e-03
 194     6.3750e-01     1.0000e-03
 193     6.4202e-01     1.0000e-03
 192     6.4665e-01     1.0000e-03
 191     6.5133e-01     1.0000e-03
 190     6.5600e-01     1.0000e-03
 189     6.6054e-01     1.0000e-03
 188     6.6509e-01     1.0000e-03
 187     6.6963e-01     1.0000e-03
 186     6.7415e-01     1.0000e-03
 185     6.7878e-01     1.0000e-03
 184     6.8337e-01     1.0000e-03
 183     6.8783e-01     1.0000e-03
 182     6.9239e-01     1.0000e-03
 181     6.9694e-01     1.0000e-03
 180     7.0160e-01     1.0000e-03
 179     7.0612e-01     1.0000e-03
 178     7.1062e-01     1.0000e-03
 177     7.1516e-01     1.0000e-03
 176     7.1974e-01     1.0000e-03
 175     7.2412e-01     1.0000e-03
 174     7.2870e-01     1.0000e-03
 173     7.3330e-01     1.0000e-03
 172     7.3792e-01     1.0000e-03
 171     7.4236e-01     1.0000e-03
 170     7.4689e-01     1.0000e-03
 169     7.5147e-01     1.0000e-03
 168     7.5606e-01     1.0000e-03
 167     7.6051e-01     1.0000e-03
 166     7.6509e-01     1.0000e-03
 165     7.6954e-01     1.0000e-03
 164     7.7428e-01     1.0000e-03
 163     7.7884e-01     1.0000e-03
 162     7.8332e-01     1.0000e-03
 161     7.8783e-01     1.0000e-03
 160     7.9259e-01     1.0000e-03
 159     7.9716e-01     1.0000e-03
 158     8.0171e-01     1.0000e-03
 157     8.0628e-01     1.0000e-03
 156     8.1095e-01     1.0000e-03
 155     8.1535e-01     1.0000e-03
 154     8.1993e-01     1.0000e-03
 153     8.2457e-01     1.0000e-03
 152     8.2930e-01     1.0000e-03
 151     8.3387e-01     1.0000e-03
 150     8.3855e-01     1.0000e-03
 149     8.4313e-01     1.0000e-03
 148     8.4768e-01     1.0000e-03
 147     8.5201e-01     1.0000e-03
 146     8.5673e-01     1.0000e-03
 145     8.6134e-01     1.0000e-03
 144     8.6582e-01     1.0000e-03
 143     8.7029e-01     1.0000e-03
 142     8.7479e-01     1.0000e-03
 141     8.7926e-01     1.0000e-03
 140     8.8375e-01     1.0000e-03
 139     8.8816e-01     1.0000e-03
 138     8.9273e-01     1.0000e-03
 137     8.9736e-01     1.0000e-03
 136     9.0193e-01     1.0000e-03
 135     9.0641e-01     1.0000e-03
 134     9.1098e-01     1.0000e-03
 133     9.1546e-01     1.0000e-03
 132     9.2006e-01     1.0000e-03
 131     9.2451e-01     1.0000e-03
 130     9.2900e-01     1.0000e-03
 129     9.3364e-01     1.0000e-03
 128     9.3835e-01     1.0000e-03
 127     9.4277e-01     1.0000e-03
 126     9.4730e-01     1.0000e-03
 125     9.5173e-01     1.0000e-03
 124     9.5629e-01     1.0000e-03
 123     9.6073e-01     1.0000e-03
 122     9.6495e-01     1.0000e-03
 121     9.6916e-01     1.0000e-03
 120     9.7308e-01     1.0000e-03
 119     9.7690e-01     1.0000e-03
 118     9.8038e-01     1.0000e-03
 117     9.8367e-01     1.0000e-03
 116     9.8679e-01     1.0000e-03
 115     9.8944e-01     1.0000e-03
 114     9.9170e-01     1.0000e-03
 113     9.9371e-01     1.0000e-03
 112     9.9543e-01     1.0000e-03
 111     9.9669e-01     1.0000e-03
 110     9.9774e-01     1.0000e-03
 109     9.9850e-01     1.0000e-03
 108     9.9903e-01     1.0000e-03
 107     9.9942e-01     1.0000e-03
 106     9.9966e-01     1.0000e-03
 105     9.9980e-01     1.0000e-03
 104     9.9989e-01     1.0000e-03
 103     9.9993e-01     1.0000e-03
 102     9.9996e-01     1.0000e-03
 101     9.9999e-01     1.0000e-03
 100     9.9999e-01     1.0000e-03
  99     1.0000e+00     1.0000e-03
  98     1.0000e+00     1.0000e-03
  97     1.0000e+00     1.0000e-03
  96     1.0000e+00     1.0000e-03
  95     1.0000e+00     1.0000e-03
