   90  335
 335      .00000000E+00      .35762801E-06
 334      .35762787E-06     -.35762801E-06
 333      .35762787E-06      .17881401E-06
 332      .53644180E-06      .00000000E+00
 331      .71525574E-06      .71525602E-06
 330      .16093254E-05      .81062299E-05
 329      .10609627E-04      .73611700E-04
 328      .93221664E-04      .44000099E-03
 327      .61583519E-03      .11438100E-02
 326      .22822618E-02      .19614701E-02
 325      .59101582E-02      .26994899E-02
 324      .12237549E-01      .21759300E-02
 323      .20740867E-01      .11527500E-02
 322      .30396938E-01      .55253498E-04
 321      .40108263E-01     -.12308400E-03
 320      .49696505E-01     -.70059299E-03
 319      .58584154E-01     -.33432199E-03
 318      .67137480E-01     -.28193000E-03
 317      .75408876E-01     -.17070799E-03
 316      .83509564E-01     -.44262400E-03
 315      .91167629E-01     -.15652200E-03
 314      .98669171E-01     -.30243400E-03
 313      .10586828E+00     -.19341700E-03
 312      .11287397E+00     -.48095000E-03
 311      .11939871E+00     -.21892801E-03
 310      .12570453E+00     -.30285100E-03
 309      .13170749E+00     -.44047800E-04
 308      .13766640E+00     -.39905301E-03
 307      .14322627E+00     -.55193901E-04
 306      .14873093E+00     -.17732399E-03
 305      .15405828E+00     -.20861601E-05
 304      .15938354E+00     -.22995500E-03
 303      .16447884E+00     -.56147601E-04
 302      .16951799E+00     -.11831500E-03
 301      .17443883E+00      .77486002E-04
 300      .17943716E+00     -.16176701E-03
 299      .18427372E+00     -.21755701E-04
 298      .18908852E+00     -.79512603E-04
 297      .19382381E+00      .92267997E-04
 296      .19865137E+00     -.21135800E-03
 295      .20326757E+00      .40650400E-04
 294      .20792443E+00     -.61929197E-04
 293      .21251935E+00      .48279799E-04
 292      .21716255E+00     -.12868601E-03
 291      .22167706E+00      .43570999E-04
 290      .22623515E+00      .16510499E-04
 289      .23080975E+00      .44822700E-04
 288      .23542917E+00     -.11748100E-03
 287      .23993111E+00      .11622900E-03
 286      .24454927E+00     -.67651301E-04
 285      .24909979E+00      .83088897E-04
 284      .25373340E+00     -.97096003E-04
 283      .25826991E+00     -.27954600E-04
 282      .26277846E+00      .35643599E-04
 281      .26732266E+00      .24318701E-04
 280      .27189118E+00     -.95725103E-04
 279      .27636397E+00      .41902102E-04
 278      .28087866E+00      .18179400E-04
 277      .28541154E+00      .49531500E-04
 276      .28999394E+00     -.78678102E-04
 275      .29449767E+00     -.27716200E-04
 274      .29897368E+00      .13113000E-04
 273      .30346280E+00      .15378000E-04
 272      .30796731E+00     -.15693900E-03
 271      .31231487E+00      .20504000E-04
 270      .31668293E+00     -.73969401E-04
 269      .32097703E+00      .94473398E-04
 268      .32536560E+00     -.10645400E-03
 267      .32964772E+00      .51736799E-04
 266      .33398157E+00     -.60796701E-05
 265      .33830935E+00      .54180600E-04
 264      .34269130E+00     -.59068199E-04
 263      .34701419E+00      .15622401E-03
 262      .35149330E+00      .24437900E-05
 261      .35597485E+00      .14758100E-03
 260      .36060399E+00     -.13148801E-03
 259      .36510164E+00      .48339400E-04
 258      .36964762E+00     -.40650400E-04
 257      .37415296E+00      .12439500E-03
 256      .37878269E+00     -.18793299E-03
 255      .38322449E+00      .16450900E-04
 254      .38768274E+00     -.56624399E-05
 253      .39213532E+00      .95427000E-04
 252      .39668334E+00     -.13369300E-03
 251      .40109766E+00      .30398401E-05
 250      .40551502E+00      .28967899E-04
 249      .40996134E+00      .12815000E-03
 248      .41453582E+00     -.17440300E-03
 247      .41893589E+00      .63002102E-04
 246      .42339897E+00     -.61392799E-04
 245      .42780066E+00      .12475300E-03
 244      .43232709E+00     -.94890602E-04
 243      .43675864E+00      .47385700E-04
 242      .44123757E+00     -.50783201E-04
 241      .44566572E+00      .14543500E-03
 240      .45023930E+00     -.18107900E-03
 239      .45463181E+00      .67174398E-04
 238      .45909148E+00      .31828898E-04
 237      .46358299E+00      .24795499E-04
 236      .46809930E+00     -.12952099E-03
 235      .47248608E+00      .45359098E-04
 234      .47691822E+00     -.35285899E-04
 233      .48131508E+00      .11259300E-03
 232      .48582453E+00     -.10216200E-03
 231      .49023181E+00      .32961401E-04
 230      .49467206E+00     -.15139600E-04
 229      .49909717E+00      .24676299E-04
 228      .50354695E+00     -.88393703E-04
 227      .50790834E+00      .87976499E-04
 226      .51235771E+00     -.47087698E-04
 225      .51675999E+00      .70691101E-04
 224      .52123296E+00     -.10436800E-03
 223      .52560157E+00     -.41127200E-05
 222      .52996606E+00      .55432301E-05
 221      .53433609E+00      .13369300E-03
 220      .53883982E+00     -.13744801E-03
 219      .54320610E+00      .49114198E-04
 218      .54762149E+00      .16570100E-04
 217      .55205345E+00     -.23841901E-05
 216      .55648303E+00     -.99420497E-04
 215      .56081319E+00      .11074500E-03
 214      .56525409E+00     -.94771400E-04
 213      .56960022E+00      .42438500E-04
 212      .57398880E+00     -.35762801E-04
 211      .57834160E+00     -.14901200E-05
 210      .58269292E+00     -.37431699E-04
 209      .58700681E+00      .15121700E-03
 208      .59147191E+00     -.15825000E-03
 207      .59577876E+00      .63180902E-04
 206      .60014880E+00     -.19550300E-04
 205      .60449928E+00      .66161199E-04
 204      .60891593E+00     -.57935700E-04
 203      .61327463E+00     -.10073200E-04
 202      .61762327E+00     -.41127200E-05
 201      .62196779E+00      .98526500E-04
 200      .62641084E+00     -.16439000E-03
 199      .63068950E+00      .98586097E-04
 198      .63506675E+00     -.21219301E-04
 197      .63942277E+00      .77486002E-05
 196      .64378655E+00     -.70929498E-04
 195      .64807940E+00      .29921501E-04
 194      .65240216E+00      .37372101E-04
 193      .65676230E+00      .82075603E-04
 192      .66120452E+00     -.12594499E-03
 191      .66552079E+00      .75519099E-04
 190      .66991258E+00     -.44703502E-05
 189      .67429990E+00      .13828300E-04
 188      .67870104E+00     -.94711802E-04
 187      .68300748E+00      .66280401E-04
 186      .68738019E+00     -.27656601E-04
 185      .69172525E+00      .80406702E-04
 184      .69615072E+00     -.11158000E-03
 183      .70046461E+00      .34987901E-04
 182      .70481348E+00     -.11086500E-04
 181      .70915127E+00      .91314301E-04
 180      .71358037E+00     -.12958000E-03
 179      .71787989E+00      .12648100E-03
 178      .72230589E+00     -.28610200E-04
 177      .72670329E+00     -.32007702E-04
 176      .73106867E+00     -.82969702E-04
 175      .73535109E+00      .74505799E-04
 174      .73970801E+00     -.32901800E-04
 173      .74403203E+00      .90301000E-04
 172      .74844635E+00     -.50604300E-04
 171      .75281006E+00     -.71227601E-04
 170      .75710255E+00      .84817402E-04
 169      .76147985E+00      .61988799E-05
 168      .76586336E+00     -.42080901E-04
 167      .77020478E+00     -.29981100E-04
 166      .77451622E+00     -.41782900E-04
 165      .77878588E+00      .12016300E-03
 164      .78317571E+00     -.12773300E-03
 163      .78743780E+00      .20742400E-04
 162      .79172063E+00      .49412301E-04
 161      .79605287E+00      .22888200E-04
 160      .80040801E+00     -.95546202E-04
 159      .80466759E+00      .53226900E-04
 158      .80898041E+00      .14305100E-05
 157      .81329465E+00      .38921800E-04
 156      .81764781E+00     -.78082099E-04
 155      .82192290E+00      .64909502E-04
 154      .82626289E+00     -.41186799E-04
 153      .83056170E+00      .78797297E-04
 152      .83493930E+00     -.20027200E-03
 151      .83911663E+00      .12451400E-03
 150      .84341848E+00     -.17941000E-04
 149      .84770238E+00     -.23841901E-05
 148      .85198390E+00      .95367404E-05
 147      .85627496E+00      .17821800E-04
 146      .86058384E+00     -.11569300E-03
 145      .86477703E+00      .12505100E-03
 144      .86909527E+00     -.11277200E-03
 143      .87330073E+00      .42200099E-04
 142      .87754840E+00      .58531801E-04
 141      .88185459E+00      .71585200E-04
 140      .88623238E+00     -.12213000E-03
 139      .89048803E+00     -.13113000E-05
 138      .89474237E+00      .23961100E-04
 137      .89902067E+00      .11009000E-03
 136      .90340906E+00     -.19323800E-03
 135      .90760422E+00      .70214301E-04
 134      .91186959E+00     -.29742700E-04
 133      .91610521E+00      .60141101E-04
 132      .92040098E+00     -.38147002E-04
 131      .92465860E+00     -.21994099E-04
 130      .92889422E+00     -.16868100E-04
 129      .93311298E+00      .65088301E-04
 128      .93739682E+00     -.11420200E-03
 127      .94156647E+00      .14722300E-04
 126      .94575083E+00      .32067299E-04
 125      .94996727E+00     -.85234597E-05
 124      .95417517E+00     -.89526198E-04
 123      .95829356E+00     -.31530901E-04
 122      .96238041E+00     -.13619701E-03
 121      .96633106E+00     -.91612303E-04
 120      .97019011E+00     -.22250399E-03
 119      .97382665E+00     -.16230300E-03
 118      .97730088E+00     -.15866800E-03
 117      .98061645E+00     -.25785001E-03
 116      .98367417E+00     -.33122301E-03
 115      .98640066E+00     -.24688200E-03
 114      .98888028E+00     -.26571800E-03
 113      .99109417E+00     -.27704201E-03
 112      .99303102E+00     -.36686700E-03
 111      .99460101E+00     -.20188100E-03
 110      .99596912E+00     -.30010901E-03
 109      .99703711E+00     -.19216500E-03
 108      .99791294E+00     -.23424601E-03
 107      .99855453E+00     -.14841600E-03
 106      .99904770E+00     -.15330300E-03
 105      .99938756E+00     -.96440301E-04
 104      .99963099E+00     -.96261501E-04
 103      .99977815E+00     -.50365899E-04
 102      .99987495E+00     -.41007999E-04
 101      .99993074E+00     -.23424600E-04
 100      .99996310E+00     -.14185900E-04
  99      .99998128E+00     -.10609600E-04
  98      .99998885E+00     -.32782600E-05
  97      .99999315E+00     -.20861601E-05
  96      .99999535E+00     -.13113000E-05
  95      .99999624E+00     -.17881401E-06
  94      .99999696E+00      .35762801E-06
  93      .99999803E+00     -.53644197E-06
  92      .99999857E+00      .35762801E-06
  91      .99999946E+00     -.35762801E-06
  90      .10000000E+01     -.53644197E-06
