  100  500
 500     0.0000e+00     2.5000e-03
 499     7.0684e-07     2.5007e-03
 498     7.0684e-07     2.5000e-03
 497     1.4137e-06     2.5007e-03
 496     2.8273e-06     2.5014e-03
 495     2.8273e-06     2.5000e-03
 494     2.8273e-06     2.5000e-03
 493     3.5342e-06     2.5007e-03
 492     4.2410e-06     2.5007e-03
 491     4.9479e-06     2.5007e-03
 490     4.9479e-06     2.5000e-03
 489     4.9479e-06     2.5000e-03
 488     4.9479e-06     2.5000e-03
 487     5.6547e-06     2.5007e-03
 486     6.3615e-06     2.5007e-03
 485     7.0684e-06     2.5007e-03
 484     8.4820e-06     2.5014e-03
 483     9.1889e-06     2.5007e-03
 482     9.8957e-06     2.5007e-03
 481     1.0603e-05     2.5007e-03
 480     1.2016e-05     2.5014e-03
 479     1.2723e-05     2.5007e-03
 478     1.2723e-05     2.5000e-03
 477     1.3430e-05     2.5007e-03
 476     1.3430e-05     2.5000e-03
 475     1.5550e-05     2.5021e-03
 474     1.6257e-05     2.5007e-03
 473     1.8378e-05     2.5021e-03
 472     1.8378e-05     2.5000e-03
 471     1.8378e-05     2.5000e-03
 470     1.8378e-05     2.5000e-03
 469     1.9085e-05     2.5007e-03
 468     2.1912e-05     2.5028e-03
 467     2.1912e-05     2.5000e-03
 466     2.2619e-05     2.5007e-03
 465     2.2619e-05     2.5000e-03
 464     2.4032e-05     2.5014e-03
 463     2.5446e-05     2.5014e-03
 462     2.6153e-05     2.5007e-03
 461     2.6153e-05     2.5000e-03
 460     2.6860e-05     2.5007e-03
 459     2.8980e-05     2.5021e-03
 458     2.9687e-05     2.5007e-03
 457     2.9687e-05     2.5000e-03
 456     2.9687e-05     2.5000e-03
 455     3.1101e-05     2.5014e-03
 454     3.1808e-05     2.5007e-03
 453     3.2514e-05     2.5007e-03
 452     3.2514e-05     2.5000e-03
 451     3.2514e-05     2.5000e-03
 450     3.3221e-05     2.5007e-03
 449     3.3928e-05     2.5007e-03
 448     3.3928e-05     2.5000e-03
 447     3.3928e-05     2.5000e-03
 446     3.5342e-05     2.5014e-03
 445     3.5342e-05     2.5000e-03
 444     3.5342e-05     2.5000e-03
 443     3.6755e-05     2.5014e-03
 442     3.7462e-05     2.5007e-03
 441     3.8169e-05     2.5007e-03
 440     3.9583e-05     2.5014e-03
 439     4.0290e-05     2.5007e-03
 438     4.1703e-05     2.5014e-03
 437     4.2410e-05     2.5007e-03
 436     4.3117e-05     2.5007e-03
 435     4.3117e-05     2.5000e-03
 434     4.3117e-05     2.5000e-03
 433     4.3117e-05     2.5000e-03
 432     4.6651e-05     2.5035e-03
 431     4.6651e-05     2.5000e-03
 430     4.6651e-05     2.5000e-03
 429     4.7358e-05     2.5007e-03
 428     4.8065e-05     2.5007e-03
 427     4.8772e-05     2.5007e-03
 426     5.0185e-05     2.5014e-03
 425     5.0892e-05     2.5007e-03
 424     5.3013e-05     2.5021e-03
 423     5.3719e-05     2.5007e-03
 422     5.4426e-05     2.5007e-03
 421     5.5133e-05     2.5007e-03
 420     5.6547e-05     2.5014e-03
 419     5.7254e-05     2.5007e-03
 418     5.8667e-05     2.5014e-03
 417     6.0788e-05     2.5021e-03
 416     6.0788e-05     2.5000e-03
 415     6.1495e-05     2.5007e-03
 414     6.2908e-05     2.5014e-03
 413     6.4322e-05     2.5014e-03
 412     6.4322e-05     2.5000e-03
 411     6.5029e-05     2.5007e-03
 410     6.7149e-05     2.5021e-03
 409     6.7856e-05     2.5007e-03
 408     6.9270e-05     2.5014e-03
 407     6.9977e-05     2.5007e-03
 406     7.1390e-05     2.5014e-03
 405     7.1390e-05     2.5000e-03
 404     7.1390e-05     2.5000e-03
 403     7.2097e-05     2.5007e-03
 402     7.3511e-05     2.5014e-03
 401     7.4218e-05     2.5007e-03
 400     7.6338e-05     2.5021e-03
 399     7.7752e-05     2.5014e-03
 398     7.8459e-05     2.5007e-03
 397     7.9166e-05     2.5007e-03
 396     7.9872e-05     2.5007e-03
 395     8.0579e-05     2.5007e-03
 394     8.1286e-05     2.5007e-03
 393     8.1993e-05     2.5007e-03
 392     8.3407e-05     2.5014e-03
 391     8.3407e-05     2.5000e-03
 390     8.4820e-05     2.5014e-03
 389     8.5527e-05     2.5007e-03
 388     8.6941e-05     2.5014e-03
 387     8.8354e-05     2.5014e-03
 386     8.8354e-05     2.5000e-03
 385     9.0475e-05     2.5021e-03
 384     9.0475e-05     2.5000e-03
 383     9.0475e-05     2.5000e-03
 382     9.1889e-05     2.5014e-03
 381     9.2595e-05     2.5007e-03
 380     9.3302e-05     2.5007e-03
 379     9.3302e-05     2.5000e-03
 378     9.3302e-05     2.5000e-03
 377     9.3302e-05     2.5000e-03
 376     9.4009e-05     2.5007e-03
 375     9.6130e-05     2.5021e-03
 374     9.7543e-05     2.5014e-03
 373     9.7543e-05     2.5000e-03
 372     9.8250e-05     2.5007e-03
 371     9.8957e-05     2.5007e-03
 370     9.8957e-05     2.5000e-03
 369     9.9664e-05     2.5007e-03
 368     9.9664e-05     2.5000e-03
 367     9.9664e-05     2.5000e-03
 366     1.0037e-04     2.5007e-03
 365     1.0178e-04     2.5014e-03
 364     1.0249e-04     2.5007e-03
 363     1.0391e-04     2.5014e-03
 362     1.0532e-04     2.5014e-03
 361     1.0532e-04     2.5000e-03
 360     1.0603e-04     2.5007e-03
 359     1.0673e-04     2.5007e-03
 358     1.0744e-04     2.5007e-03
 357     1.0815e-04     2.5007e-03
 356     1.0885e-04     2.5007e-03
 355     1.0885e-04     2.5000e-03
 354     1.1027e-04     2.5014e-03
 353     1.1097e-04     2.5007e-03
 352     1.1097e-04     2.5000e-03
 351     1.1097e-04     2.5000e-03
 350     1.1168e-04     2.5007e-03
 349     1.1168e-04     2.5000e-03
 348     1.1239e-04     2.5007e-03
 347     1.1309e-04     2.5007e-03
 346     1.1309e-04     2.5000e-03
 345     1.1309e-04     2.5000e-03
 344     1.1380e-04     2.5007e-03
 343     1.1521e-04     2.5014e-03
 342     1.1592e-04     2.5007e-03
 341     1.1663e-04     2.5007e-03
 340     1.1663e-04     2.5000e-03
 339     1.1734e-04     2.5007e-03
 338     1.1804e-04     2.5007e-03
 337     1.1804e-04     2.5000e-03
 336     1.1804e-04     2.5000e-03
 335     1.1946e-04     2.5014e-03
 334     1.2087e-04     2.5014e-03
 333     1.2087e-04     2.5000e-03
 332     1.2087e-04     2.5000e-03
 331     1.2158e-04     2.5007e-03
 330     1.2228e-04     2.5007e-03
 329     1.2370e-04     2.5014e-03
 328     1.2440e-04     2.5007e-03
 327     1.2511e-04     2.5007e-03
 326     1.2511e-04     2.5000e-03
 325     1.2652e-04     2.5014e-03
 324     1.2723e-04     2.5007e-03
 323     1.2864e-04     2.5014e-03
 322     1.2864e-04     2.5000e-03
 321     1.3006e-04     2.5014e-03
 320     1.3006e-04     2.5000e-03
 319     1.3076e-04     2.5007e-03
 318     1.3147e-04     2.5007e-03
 317     1.3218e-04     2.5007e-03
 316     1.3430e-04     2.5021e-03
 315     1.3501e-04     2.5007e-03
 314     1.4844e-04     2.5134e-03
 313     3.4494e-04     2.6965e-03
 312     1.2539e-03     3.4090e-03
 311     3.4720e-03     4.7180e-03
 310     7.5582e-03     6.5862e-03
 309     1.3614e-02     8.5562e-03
 308     2.1829e-02     1.0715e-02
 307     3.1252e-02     1.1923e-02
 306     4.1620e-02     1.2868e-02
 305     5.2121e-02     1.3001e-02
 304     6.2649e-02     1.3028e-02
 303     7.2454e-02     1.2304e-02
 302     8.2088e-02     1.2134e-02
 301     9.1372e-02     1.1784e-02
 300     1.0024e-01     1.1366e-02
 299     1.0827e-01     1.0528e-02
 298     1.1598e-01     1.0217e-02
 297     1.2334e-01     9.8560e-03
 296     1.3053e-01     9.6949e-03
 295     1.3702e-01     8.9838e-03
 294     1.4332e-01     8.8014e-03
 293     1.4951e-01     8.6891e-03
 292     1.5554e-01     8.5307e-03
 291     1.6117e-01     8.1285e-03
 290     1.6674e-01     8.0692e-03
 289     1.7223e-01     7.9956e-03
 288     1.7774e-01     8.0126e-03
 287     1.8298e-01     7.7384e-03
 286     1.8816e-01     7.6740e-03
 285     1.9335e-01     7.6917e-03
 284     1.9858e-01     7.7320e-03
 283     2.0376e-01     7.6797e-03
 282     2.0886e-01     7.6034e-03
 281     2.1396e-01     7.5942e-03
 280     2.1918e-01     7.7207e-03
 279     2.2403e-01     7.3517e-03
 278     2.2901e-01     7.4797e-03
 277     2.3394e-01     7.4252e-03
 276     2.3896e-01     7.5277e-03
 275     2.4385e-01     7.3878e-03
 274     2.4878e-01     7.4323e-03
 273     2.5351e-01     7.2287e-03
 272     2.5857e-01     7.5602e-03
 271     2.6332e-01     7.2535e-03
 270     2.6821e-01     7.3828e-03
 269     2.7305e-01     7.3411e-03
 268     2.7796e-01     7.4090e-03
 267     2.8281e-01     7.3489e-03
 266     2.8758e-01     7.2740e-03
 265     2.9231e-01     7.2252e-03
 264     2.9717e-01     7.3644e-03
 263     3.0181e-01     7.1418e-03
 262     3.0657e-01     7.2542e-03
 261     3.1122e-01     7.1503e-03
 260     3.1596e-01     7.2393e-03
 259     3.2073e-01     7.2768e-03
 258     3.2544e-01     7.2103e-03
 257     3.2997e-01     7.0287e-03
 256     3.3461e-01     7.1390e-03
 255     3.3895e-01     6.8428e-03
 254     3.4339e-01     6.9347e-03
 253     3.4786e-01     6.9679e-03
 252     3.5236e-01     7.0075e-03
 251     3.5679e-01     6.9305e-03
 250     3.6140e-01     7.1071e-03
 249     3.6603e-01     7.1248e-03
 248     3.7085e-01     7.3263e-03
 247     3.7553e-01     7.1736e-03
 246     3.8031e-01     7.2867e-03
 245     3.8508e-01     7.2697e-03
 244     3.8995e-01     7.3644e-03
 243     3.9461e-01     7.1609e-03
 242     3.9934e-01     7.2344e-03
 241     4.0419e-01     7.3461e-03
 240     4.0914e-01     7.4563e-03
 239     4.1384e-01     7.1948e-03
 238     4.1850e-01     7.1595e-03
 237     4.2333e-01     7.3284e-03
 236     4.2810e-01     7.2726e-03
 235     4.3282e-01     7.2153e-03
 234     4.3756e-01     7.2485e-03
 233     4.4228e-01     7.2181e-03
 232     4.4722e-01     7.4344e-03
 231     4.5188e-01     7.1637e-03
 230     4.5652e-01     7.1376e-03
 229     4.6129e-01     7.2768e-03
 228     4.6605e-01     7.2570e-03
 227     4.7069e-01     7.1425e-03
 226     4.7538e-01     7.1884e-03
 225     4.8014e-01     7.2542e-03
 224     4.8495e-01     7.3178e-03
 223     4.8963e-01     7.1729e-03
 222     4.9434e-01     7.2075e-03
 221     4.9906e-01     7.2287e-03
 220     5.0401e-01     7.4507e-03
 219     5.0866e-01     7.1439e-03
 218     5.1343e-01     7.2718e-03
 217     5.1812e-01     7.1913e-03
 216     5.2283e-01     7.2125e-03
 215     5.2744e-01     7.1022e-03
 214     5.3208e-01     7.1425e-03
 213     5.3670e-01     7.1213e-03
 212     5.4141e-01     7.2082e-03
 211     5.4611e-01     7.2012e-03
 210     5.5086e-01     7.2514e-03
 209     5.5556e-01     7.1998e-03
 208     5.6034e-01     7.2796e-03
 207     5.6487e-01     7.0343e-03
 206     5.6948e-01     7.1043e-03
 205     5.7410e-01     7.1213e-03
 204     5.7886e-01     7.2613e-03
 203     5.8346e-01     7.1022e-03
 202     5.8798e-01     7.0174e-03
 201     5.9265e-01     7.1708e-03
 200     5.9738e-01     7.2259e-03
 199     6.0195e-01     7.0761e-03
 198     6.0648e-01     7.0294e-03
 197     6.1104e-01     7.0556e-03
 196     6.1560e-01     7.0577e-03
 195     6.2009e-01     6.9927e-03
 194     6.2464e-01     7.0556e-03
 193     6.2916e-01     7.0153e-03
 192     6.3389e-01     7.2323e-03
 191     6.3835e-01     6.9594e-03
 190     6.4301e-01     7.1616e-03
 189     6.4764e-01     7.1277e-03
 188     6.5236e-01     7.2167e-03
 187     6.5691e-01     7.0541e-03
 186     6.6154e-01     7.1269e-03
 185     6.6611e-01     7.0697e-03
 184     6.7078e-01     7.1694e-03
 183     6.7534e-01     7.0577e-03
 182     6.7992e-01     7.0810e-03
 181     6.8448e-01     7.0626e-03
 180     6.8915e-01     7.1736e-03
 179     6.9372e-01     7.0676e-03
 178     6.9832e-01     7.1036e-03
 177     7.0293e-01     7.1029e-03
 176     7.0767e-01     7.2471e-03
 175     7.1220e-01     7.0259e-03
 174     7.1683e-01     7.1326e-03
 173     7.2134e-01     7.0047e-03
 172     7.2595e-01     7.1163e-03
 171     7.3042e-01     6.9693e-03
 170     7.3502e-01     7.0958e-03
 169     7.3957e-01     7.0471e-03
 168     7.4423e-01     7.1651e-03
 167     7.4874e-01     7.0075e-03
 166     7.5327e-01     7.0308e-03
 165     7.5782e-01     7.0520e-03
 164     7.6248e-01     7.1602e-03
 163     7.6696e-01     6.9792e-03
 162     7.7148e-01     7.0174e-03
 161     7.7603e-01     7.0506e-03
 160     7.8072e-01     7.1962e-03
 159     7.8515e-01     6.9283e-03
 158     7.8958e-01     6.9234e-03
 157     7.9400e-01     6.9276e-03
 156     7.9858e-01     7.0796e-03
 155     8.0310e-01     7.0146e-03
 154     8.0772e-01     7.1213e-03
 153     8.1228e-01     7.0619e-03
 152     8.1696e-01     7.1750e-03
 151     8.2155e-01     7.0958e-03
 150     8.2608e-01     7.0245e-03
 149     8.3066e-01     7.0859e-03
 148     8.3530e-01     7.1333e-03
 147     8.3976e-01     6.9608e-03
 146     8.4433e-01     7.0789e-03
 145     8.4894e-01     7.1029e-03
 144     8.5358e-01     7.1425e-03
 143     8.5801e-01     6.9283e-03
 142     8.6257e-01     7.0591e-03
 141     8.6704e-01     6.9764e-03
 140     8.7153e-01     6.9821e-03
 139     8.7602e-01     6.9955e-03
 138     8.8048e-01     6.9608e-03
 137     8.8502e-01     7.0343e-03
 136     8.8965e-01     7.1277e-03
 135     8.9407e-01     6.9220e-03
 134     8.9855e-01     6.9785e-03
 133     9.0300e-01     6.9524e-03
 132     9.0762e-01     7.1199e-03
 131     9.1209e-01     6.9764e-03
 130     9.1653e-01     6.9389e-03
 129     9.2104e-01     7.0068e-03
 128     9.2560e-01     7.0598e-03
 127     9.2992e-01     6.8251e-03
 126     9.3446e-01     7.0336e-03
 125     9.3888e-01     6.9255e-03
 124     9.4340e-01     7.0153e-03
 123     9.4776e-01     6.8562e-03
 122     9.5224e-01     6.9821e-03
 121     9.5652e-01     6.7841e-03
 120     9.6098e-01     6.9580e-03
 119     9.6528e-01     6.8004e-03
 118     9.6955e-01     6.7686e-03
 117     9.7371e-01     6.6654e-03
 116     9.7772e-01     6.5021e-03
 115     9.8145e-01     6.2370e-03
 114     9.8498e-01     6.0292e-03
 113     9.8811e-01     5.6306e-03
 112     9.9082e-01     5.2029e-03
 111     9.9314e-01     4.8276e-03
 110     9.9508e-01     4.4353e-03
 109     9.9656e-01     3.9787e-03
 108     9.9778e-01     3.7207e-03
 107     9.9858e-01     3.2987e-03
 106     9.9913e-01     3.0570e-03
 105     9.9950e-01     2.8619e-03
 104     9.9973e-01     2.7325e-03
 103     9.9985e-01     2.6237e-03
 102     9.9993e-01     2.5792e-03
 101     9.9997e-01     2.5431e-03
 100     1.0000e+00     2.5431e-03
