  170  395
 395     2.2899e-04     1.0000e-03
 394     4.3206e-04     1.0000e-03
 393     7.1723e-04     1.0000e-03
 392     9.7647e-04     1.0000e-03
 391     1.2400e-03     1.0000e-03
 390     1.7585e-03     1.0000e-03
 389     2.7134e-03     1.0000e-03
 388     4.7570e-03     1.0000e-03
 387     8.7018e-03     1.0000e-03
 386     1.4686e-02     1.0000e-03
 385     2.1923e-02     1.0000e-03
 384     3.0111e-02     1.0000e-03
 383     3.7892e-02     1.0000e-03
 382     4.5764e-02     1.0000e-03
 381     5.3265e-02     1.0000e-03
 380     6.0891e-02     1.0000e-03
 379     6.7925e-02     1.0000e-03
 378     7.4946e-02     1.0000e-03
 377     8.1617e-02     1.0000e-03
 376     8.8552e-02     1.0000e-03
 375     9.5128e-02     1.0000e-03
 374     1.0147e-01     1.0000e-03
 373     1.0759e-01     1.0000e-03
 372     1.1381e-01     1.0000e-03
 371     1.1972e-01     1.0000e-03
 370     1.2582e-01     1.0000e-03
 369     1.3125e-01     1.0000e-03
 368     1.3664e-01     1.0000e-03
 367     1.4212e-01     1.0000e-03
 366     1.4770e-01     1.0000e-03
 365     1.5293e-01     1.0000e-03
 364     1.5858e-01     1.0000e-03
 363     1.6392e-01     1.0000e-03
 362     1.6920e-01     1.0000e-03
 361     1.7443e-01     1.0000e-03
 360     1.7966e-01     1.0000e-03
 359     1.8470e-01     1.0000e-03
 358     1.8988e-01     1.0000e-03
 357     1.9495e-01     1.0000e-03
 356     2.0020e-01     1.0000e-03
 355     2.0509e-01     1.0000e-03
 354     2.1001e-01     1.0000e-03
 353     2.1509e-01     1.0000e-03
 352     2.2011e-01     1.0000e-03
 351     2.2513e-01     1.0000e-03
 350     2.3058e-01     1.0000e-03
 349     2.3549e-01     1.0000e-03
 348     2.4056e-01     1.0000e-03
 347     2.4551e-01     1.0000e-03
 346     2.5093e-01     1.0000e-03
 345     2.5587e-01     1.0000e-03
 344     2.6089e-01     1.0000e-03
 343     2.6600e-01     1.0000e-03
 342     2.7088e-01     1.0000e-03
 341     2.7600e-01     1.0000e-03
 340     2.8124e-01     1.0000e-03
 339     2.8608e-01     1.0000e-03
 338     2.9134e-01     1.0000e-03
 337     2.9630e-01     1.0000e-03
 336     3.0135e-01     1.0000e-03
 335     3.0654e-01     1.0000e-03
 334     3.1164e-01     1.0000e-03
 333     3.1671e-01     1.0000e-03
 332     3.2192e-01     1.0000e-03
 331     3.2682e-01     1.0000e-03
 330     3.3198e-01     1.0000e-03
 329     3.3721e-01     1.0000e-03
 328     3.4230e-01     1.0000e-03
 327     3.4726e-01     1.0000e-03
 326     3.5220e-01     1.0000e-03
 325     3.5734e-01     1.0000e-03
 324     3.6254e-01     1.0000e-03
 323     3.6755e-01     1.0000e-03
 322     3.7265e-01     1.0000e-03
 321     3.7776e-01     1.0000e-03
 320     3.8252e-01     1.0000e-03
 319     3.8743e-01     1.0000e-03
 318     3.9240e-01     1.0000e-03
 317     3.9715e-01     1.0000e-03
 316     4.0233e-01     1.0000e-03
 315     4.0738e-01     1.0000e-03
 314     4.1269e-01     1.0000e-03
 313     4.1772e-01     1.0000e-03
 312     4.2272e-01     1.0000e-03
 311     4.2785e-01     1.0000e-03
 310     4.3273e-01     1.0000e-03
 309     4.3749e-01     1.0000e-03
 308     4.4255e-01     1.0000e-03
 307     4.4746e-01     1.0000e-03
 306     4.5230e-01     1.0000e-03
 305     4.5735e-01     1.0000e-03
 304     4.6254e-01     1.0000e-03
 303     4.6756e-01     1.0000e-03
 302     4.7228e-01     1.0000e-03
 301     4.7737e-01     1.0000e-03
 300     4.8274e-01     1.0000e-03
 299     4.8773e-01     1.0000e-03
 298     4.9266e-01     1.0000e-03
 297     4.9755e-01     1.0000e-03
 296     5.0270e-01     1.0000e-03
 295     5.0775e-01     1.0000e-03
 294     5.1291e-01     1.0000e-03
 293     5.1799e-01     1.0000e-03
 292     5.2309e-01     1.0000e-03
 291     5.2808e-01     1.0000e-03
 290     5.3301e-01     1.0000e-03
 289     5.3788e-01     1.0000e-03
 288     5.4292e-01     1.0000e-03
 287     5.4785e-01     1.0000e-03
 286     5.5269e-01     1.0000e-03
 285     5.5783e-01     1.0000e-03
 284     5.6291e-01     1.0000e-03
 283     5.6815e-01     1.0000e-03
 282     5.7304e-01     1.0000e-03
 281     5.7779e-01     1.0000e-03
 280     5.8271e-01     1.0000e-03
 279     5.8769e-01     1.0000e-03
 278     5.9268e-01     1.0000e-03
 277     5.9774e-01     1.0000e-03
 276     6.0295e-01     1.0000e-03
 275     6.0788e-01     1.0000e-03
 274     6.1290e-01     1.0000e-03
 273     6.1775e-01     1.0000e-03
 272     6.2284e-01     1.0000e-03
 271     6.2772e-01     1.0000e-03
 270     6.3300e-01     1.0000e-03
 269     6.3838e-01     1.0000e-03
 268     6.4321e-01     1.0000e-03
 267     6.4801e-01     1.0000e-03
 266     6.5307e-01     1.0000e-03
 265     6.5815e-01     1.0000e-03
 264     6.6324e-01     1.0000e-03
 263     6.6825e-01     1.0000e-03
 262     6.7325e-01     1.0000e-03
 261     6.7829e-01     1.0000e-03
 260     6.8328e-01     1.0000e-03
 259     6.8788e-01     1.0000e-03
 258     6.9278e-01     1.0000e-03
 257     6.9795e-01     1.0000e-03
 256     7.0318e-01     1.0000e-03
 255     7.0816e-01     1.0000e-03
 254     7.1322e-01     1.0000e-03
 253     7.1801e-01     1.0000e-03
 252     7.2266e-01     1.0000e-03
 251     7.2754e-01     1.0000e-03
 250     7.3238e-01     1.0000e-03
 249     7.3757e-01     1.0000e-03
 248     7.4271e-01     1.0000e-03
 247     7.4765e-01     1.0000e-03
 246     7.5293e-01     1.0000e-03
 245     7.5778e-01     1.0000e-03
 244     7.6285e-01     1.0000e-03
 243     7.6800e-01     1.0000e-03
 242     7.7314e-01     1.0000e-03
 241     7.7796e-01     1.0000e-03
 240     7.8294e-01     1.0000e-03
 239     7.8770e-01     1.0000e-03
 238     7.9251e-01     1.0000e-03
 237     7.9734e-01     1.0000e-03
 236     8.0223e-01     1.0000e-03
 235     8.0692e-01     1.0000e-03
 234     8.1152e-01     1.0000e-03
 233     8.1627e-01     1.0000e-03
 232     8.2129e-01     1.0000e-03
 231     8.2578e-01     1.0000e-03
 230     8.3072e-01     1.0000e-03
 229     8.3592e-01     1.0000e-03
 228     8.4099e-01     1.0000e-03
 227     8.4586e-01     1.0000e-03
 226     8.5083e-01     1.0000e-03
 225     8.5582e-01     1.0000e-03
 224     8.6079e-01     1.0000e-03
 223     8.6571e-01     1.0000e-03
 222     8.7068e-01     1.0000e-03
 221     8.7550e-01     1.0000e-03
 220     8.8067e-01     1.0000e-03
 219     8.8547e-01     1.0000e-03
 218     8.9019e-01     1.0000e-03
 217     8.9512e-01     1.0000e-03
 216     9.0002e-01     1.0000e-03
 215     9.0478e-01     1.0000e-03
 214     9.0968e-01     1.0000e-03
 213     9.1464e-01     1.0000e-03
 212     9.1936e-01     1.0000e-03
 211     9.2405e-01     1.0000e-03
 210     9.2900e-01     1.0000e-03
 209     9.3341e-01     1.0000e-03
 208     9.3800e-01     1.0000e-03
 207     9.4264e-01     1.0000e-03
 206     9.4725e-01     1.0000e-03
 205     9.5147e-01     1.0000e-03
 204     9.5565e-01     1.0000e-03
 203     9.5953e-01     1.0000e-03
 202     9.6307e-01     1.0000e-03
 201     9.6644e-01     1.0000e-03
 200     9.6968e-01     1.0000e-03
 199     9.7253e-01     1.0000e-03
 198     9.7509e-01     1.0000e-03
 197     9.7765e-01     1.0000e-03
 196     9.7981e-01     1.0000e-03
 195     9.8172e-01     1.0000e-03
 194     9.8356e-01     1.0000e-03
 193     9.8523e-01     1.0000e-03
 192     9.8675e-01     1.0000e-03
 191     9.8794e-01     1.0000e-03
 190     9.8917e-01     1.0000e-03
 189     9.9023e-01     1.0000e-03
 188     9.9130e-01     1.0000e-03
 187     9.9218e-01     1.0000e-03
 186     9.9284e-01     1.0000e-03
 185     9.9349e-01     1.0000e-03
 184     9.9410e-01     1.0000e-03
 183     9.9472e-01     1.0000e-03
 182     9.9523e-01     1.0000e-03
 181     9.9571e-01     1.0000e-03
 180     9.9624e-01     1.0000e-03
 179     9.9673e-01     1.0000e-03
 178     9.9711e-01     1.0000e-03
 177     9.9753e-01     1.0000e-03
 176     9.9790e-01     1.0000e-03
 175     9.9827e-01     1.0000e-03
 174     9.9864e-01     1.0000e-03
 173     9.9901e-01     1.0000e-03
 172     9.9935e-01     1.0000e-03
 171     9.9968e-01     1.0000e-03
 170     1.0000e+00     1.0000e-03
