  160  390
 390     4.9481e-04     1.0000e-03
 389     1.0234e-03     1.0000e-03
 388     1.6282e-03     1.0000e-03
 387     2.5079e-03     1.0000e-03
 386     4.0727e-03     1.0000e-03
 385     6.8047e-03     1.0000e-03
 384     1.1254e-02     1.0000e-03
 383     1.6874e-02     1.0000e-03
 382     2.3599e-02     1.0000e-03
 381     3.1021e-02     1.0000e-03
 380     3.8384e-02     1.0000e-03
 379     4.5269e-02     1.0000e-03
 378     5.2141e-02     1.0000e-03
 377     5.8865e-02     1.0000e-03
 376     6.5437e-02     1.0000e-03
 375     7.1595e-02     1.0000e-03
 374     7.7968e-02     1.0000e-03
 373     8.4113e-02     1.0000e-03
 372     9.0085e-02     1.0000e-03
 371     9.5904e-02     1.0000e-03
 370     1.0195e-01     1.0000e-03
 369     1.0748e-01     1.0000e-03
 368     1.1271e-01     1.0000e-03
 367     1.1798e-01     1.0000e-03
 366     1.2316e-01     1.0000e-03
 365     1.2825e-01     1.0000e-03
 364     1.3356e-01     1.0000e-03
 363     1.3859e-01     1.0000e-03
 362     1.4353e-01     1.0000e-03
 361     1.4838e-01     1.0000e-03
 360     1.5329e-01     1.0000e-03
 359     1.5828e-01     1.0000e-03
 358     1.6319e-01     1.0000e-03
 357     1.6779e-01     1.0000e-03
 356     1.7252e-01     1.0000e-03
 355     1.7737e-01     1.0000e-03
 354     1.8220e-01     1.0000e-03
 353     1.8706e-01     1.0000e-03
 352     1.9204e-01     1.0000e-03
 351     1.9692e-01     1.0000e-03
 350     2.0198e-01     1.0000e-03
 349     2.0723e-01     1.0000e-03
 348     2.1248e-01     1.0000e-03
 347     2.1760e-01     1.0000e-03
 346     2.2242e-01     1.0000e-03
 345     2.2721e-01     1.0000e-03
 344     2.3220e-01     1.0000e-03
 343     2.3725e-01     1.0000e-03
 342     2.4248e-01     1.0000e-03
 341     2.4771e-01     1.0000e-03
 340     2.5249e-01     1.0000e-03
 339     2.5751e-01     1.0000e-03
 338     2.6247e-01     1.0000e-03
 337     2.6773e-01     1.0000e-03
 336     2.7279e-01     1.0000e-03
 335     2.7785e-01     1.0000e-03
 334     2.8281e-01     1.0000e-03
 333     2.8746e-01     1.0000e-03
 332     2.9252e-01     1.0000e-03
 331     2.9732e-01     1.0000e-03
 330     3.0228e-01     1.0000e-03
 329     3.0704e-01     1.0000e-03
 328     3.1192e-01     1.0000e-03
 327     3.1683e-01     1.0000e-03
 326     3.2190e-01     1.0000e-03
 325     3.2698e-01     1.0000e-03
 324     3.3203e-01     1.0000e-03
 323     3.3722e-01     1.0000e-03
 322     3.4207e-01     1.0000e-03
 321     3.4688e-01     1.0000e-03
 320     3.5206e-01     1.0000e-03
 319     3.5686e-01     1.0000e-03
 318     3.6158e-01     1.0000e-03
 317     3.6657e-01     1.0000e-03
 316     3.7151e-01     1.0000e-03
 315     3.7633e-01     1.0000e-03
 314     3.8112e-01     1.0000e-03
 313     3.8579e-01     1.0000e-03
 312     3.9074e-01     1.0000e-03
 311     3.9588e-01     1.0000e-03
 310     4.0070e-01     1.0000e-03
 309     4.0533e-01     1.0000e-03
 308     4.1007e-01     1.0000e-03
 307     4.1502e-01     1.0000e-03
 306     4.1987e-01     1.0000e-03
 305     4.2490e-01     1.0000e-03
 304     4.3018e-01     1.0000e-03
 303     4.3497e-01     1.0000e-03
 302     4.3989e-01     1.0000e-03
 301     4.4456e-01     1.0000e-03
 300     4.4925e-01     1.0000e-03
 299     4.5396e-01     1.0000e-03
 298     4.5884e-01     1.0000e-03
 297     4.6359e-01     1.0000e-03
 296     4.6834e-01     1.0000e-03
 295     4.7317e-01     1.0000e-03
 294     4.7837e-01     1.0000e-03
 293     4.8329e-01     1.0000e-03
 292     4.8839e-01     1.0000e-03
 291     4.9327e-01     1.0000e-03
 290     4.9853e-01     1.0000e-03
 289     5.0340e-01     1.0000e-03
 288     5.0839e-01     1.0000e-03
 287     5.1329e-01     1.0000e-03
 286     5.1818e-01     1.0000e-03
 285     5.2314e-01     1.0000e-03
 284     5.2791e-01     1.0000e-03
 283     5.3296e-01     1.0000e-03
 282     5.3791e-01     1.0000e-03
 281     5.4261e-01     1.0000e-03
 280     5.4738e-01     1.0000e-03
 279     5.5231e-01     1.0000e-03
 278     5.5712e-01     1.0000e-03
 277     5.6182e-01     1.0000e-03
 276     5.6683e-01     1.0000e-03
 275     5.7159e-01     1.0000e-03
 274     5.7642e-01     1.0000e-03
 273     5.8127e-01     1.0000e-03
 272     5.8617e-01     1.0000e-03
 271     5.9100e-01     1.0000e-03
 270     5.9602e-01     1.0000e-03
 269     6.0075e-01     1.0000e-03
 268     6.0568e-01     1.0000e-03
 267     6.1035e-01     1.0000e-03
 266     6.1525e-01     1.0000e-03
 265     6.2026e-01     1.0000e-03
 264     6.2525e-01     1.0000e-03
 263     6.2996e-01     1.0000e-03
 262     6.3475e-01     1.0000e-03
 261     6.3950e-01     1.0000e-03
 260     6.4445e-01     1.0000e-03
 259     6.4917e-01     1.0000e-03
 258     6.5402e-01     1.0000e-03
 257     6.5876e-01     1.0000e-03
 256     6.6372e-01     1.0000e-03
 255     6.6851e-01     1.0000e-03
 254     6.7359e-01     1.0000e-03
 253     6.7834e-01     1.0000e-03
 252     6.8328e-01     1.0000e-03
 251     6.8814e-01     1.0000e-03
 250     6.9309e-01     1.0000e-03
 249     6.9781e-01     1.0000e-03
 248     7.0284e-01     1.0000e-03
 247     7.0761e-01     1.0000e-03
 246     7.1257e-01     1.0000e-03
 245     7.1762e-01     1.0000e-03
 244     7.2267e-01     1.0000e-03
 243     7.2728e-01     1.0000e-03
 242     7.3206e-01     1.0000e-03
 241     7.3678e-01     1.0000e-03
 240     7.4211e-01     1.0000e-03
 239     7.4701e-01     1.0000e-03
 238     7.5189e-01     1.0000e-03
 237     7.5675e-01     1.0000e-03
 236     7.6179e-01     1.0000e-03
 235     7.6667e-01     1.0000e-03
 234     7.7159e-01     1.0000e-03
 233     7.7639e-01     1.0000e-03
 232     7.8139e-01     1.0000e-03
 231     7.8638e-01     1.0000e-03
 230     7.9131e-01     1.0000e-03
 229     7.9613e-01     1.0000e-03
 228     8.0086e-01     1.0000e-03
 227     8.0563e-01     1.0000e-03
 226     8.1046e-01     1.0000e-03
 225     8.1502e-01     1.0000e-03
 224     8.2006e-01     1.0000e-03
 223     8.2485e-01     1.0000e-03
 222     8.2952e-01     1.0000e-03
 221     8.3432e-01     1.0000e-03
 220     8.3926e-01     1.0000e-03
 219     8.4416e-01     1.0000e-03
 218     8.4892e-01     1.0000e-03
 217     8.5366e-01     1.0000e-03
 216     8.5850e-01     1.0000e-03
 215     8.6342e-01     1.0000e-03
 214     8.6833e-01     1.0000e-03
 213     8.7308e-01     1.0000e-03
 212     8.7799e-01     1.0000e-03
 211     8.8283e-01     1.0000e-03
 210     8.8765e-01     1.0000e-03
 209     8.9228e-01     1.0000e-03
 208     8.9686e-01     1.0000e-03
 207     9.0155e-01     1.0000e-03
 206     9.0619e-01     1.0000e-03
 205     9.1096e-01     1.0000e-03
 204     9.1583e-01     1.0000e-03
 203     9.2041e-01     1.0000e-03
 202     9.2481e-01     1.0000e-03
 201     9.2912e-01     1.0000e-03
 200     9.3337e-01     1.0000e-03
 199     9.3737e-01     1.0000e-03
 198     9.4092e-01     1.0000e-03
 197     9.4453e-01     1.0000e-03
 196     9.4782e-01     1.0000e-03
 195     9.5069e-01     1.0000e-03
 194     9.5364e-01     1.0000e-03
 193     9.5651e-01     1.0000e-03
 192     9.5925e-01     1.0000e-03
 191     9.6175e-01     1.0000e-03
 190     9.6413e-01     1.0000e-03
 189     9.6648e-01     1.0000e-03
 188     9.6881e-01     1.0000e-03
 187     9.7106e-01     1.0000e-03
 186     9.7304e-01     1.0000e-03
 185     9.7513e-01     1.0000e-03
 184     9.7712e-01     1.0000e-03
 183     9.7894e-01     1.0000e-03
 182     9.8059e-01     1.0000e-03
 181     9.8231e-01     1.0000e-03
 180     9.8395e-01     1.0000e-03
 179     9.8525e-01     1.0000e-03
 178     9.8653e-01     1.0000e-03
 177     9.8778e-01     1.0000e-03
 176     9.8891e-01     1.0000e-03
 175     9.8986e-01     1.0000e-03
 174     9.9089e-01     1.0000e-03
 173     9.9176e-01     1.0000e-03
 172     9.9254e-01     1.0000e-03
 171     9.9330e-01     1.0000e-03
 170     9.9395e-01     1.0000e-03
 169     9.9462e-01     1.0000e-03
 168     9.9523e-01     1.0000e-03
 167     9.9575e-01     1.0000e-03
 166     9.9640e-01     1.0000e-03
 165     9.9701e-01     1.0000e-03
 164     9.9763e-01     1.0000e-03
 163     9.9821e-01     1.0000e-03
 162     9.9884e-01     1.0000e-03
 161     9.9946e-01     1.0000e-03
 160     1.0000e+00     1.0000e-03
