  155  375
 375     9.9999e-05     1.0000e-03
 374     2.4800e-04     1.0000e-03
 373     3.8000e-04     1.0000e-03
 372     4.7200e-04     1.0000e-03
 371     6.0799e-04     1.0000e-03
 370     7.3999e-04     1.0000e-03
 369     8.5599e-04     1.0000e-03
 368     1.1080e-03     1.0000e-03
 367     1.6720e-03     1.0000e-03
 366     3.0680e-03     1.0000e-03
 365     5.8360e-03     1.0000e-03
 364     1.0660e-02     1.0000e-03
 363     1.7228e-02     1.0000e-03
 362     2.5092e-02     1.0000e-03
 361     3.4224e-02     1.0000e-03
 360     4.3320e-02     1.0000e-03
 359     5.1736e-02     1.0000e-03
 358     6.0136e-02     1.0000e-03
 357     6.8236e-02     1.0000e-03
 356     7.6239e-02     1.0000e-03
 355     8.3671e-02     1.0000e-03
 354     9.0959e-02     1.0000e-03
 353     9.8407e-02     1.0000e-03
 352     1.0559e-01     1.0000e-03
 351     1.1217e-01     1.0000e-03
 350     1.1859e-01     1.0000e-03
 349     1.2517e-01     1.0000e-03
 348     1.3168e-01     1.0000e-03
 347     1.3785e-01     1.0000e-03
 346     1.4374e-01     1.0000e-03
 345     1.4955e-01     1.0000e-03
 344     1.5533e-01     1.0000e-03
 343     1.6130e-01     1.0000e-03
 342     1.6684e-01     1.0000e-03
 341     1.7241e-01     1.0000e-03
 340     1.7802e-01     1.0000e-03
 339     1.8352e-01     1.0000e-03
 338     1.8898e-01     1.0000e-03
 337     1.9442e-01     1.0000e-03
 336     1.9977e-01     1.0000e-03
 335     2.0517e-01     1.0000e-03
 334     2.1034e-01     1.0000e-03
 333     2.1574e-01     1.0000e-03
 332     2.2131e-01     1.0000e-03
 331     2.2667e-01     1.0000e-03
 330     2.3223e-01     1.0000e-03
 329     2.3785e-01     1.0000e-03
 328     2.4325e-01     1.0000e-03
 327     2.4859e-01     1.0000e-03
 326     2.5393e-01     1.0000e-03
 325     2.5903e-01     1.0000e-03
 324     2.6446e-01     1.0000e-03
 323     2.6956e-01     1.0000e-03
 322     2.7471e-01     1.0000e-03
 321     2.7989e-01     1.0000e-03
 320     2.8516e-01     1.0000e-03
 319     2.9028e-01     1.0000e-03
 318     2.9555e-01     1.0000e-03
 317     3.0077e-01     1.0000e-03
 316     3.0605e-01     1.0000e-03
 315     3.1131e-01     1.0000e-03
 314     3.1664e-01     1.0000e-03
 313     3.2179e-01     1.0000e-03
 312     3.2687e-01     1.0000e-03
 311     3.3232e-01     1.0000e-03
 310     3.3773e-01     1.0000e-03
 309     3.4295e-01     1.0000e-03
 308     3.4826e-01     1.0000e-03
 307     3.5354e-01     1.0000e-03
 306     3.5857e-01     1.0000e-03
 305     3.6371e-01     1.0000e-03
 304     3.6885e-01     1.0000e-03
 303     3.7406e-01     1.0000e-03
 302     3.7922e-01     1.0000e-03
 301     3.8423e-01     1.0000e-03
 300     3.8929e-01     1.0000e-03
 299     3.9413e-01     1.0000e-03
 298     3.9925e-01     1.0000e-03
 297     4.0425e-01     1.0000e-03
 296     4.0947e-01     1.0000e-03
 295     4.1494e-01     1.0000e-03
 294     4.2007e-01     1.0000e-03
 293     4.2531e-01     1.0000e-03
 292     4.3028e-01     1.0000e-03
 291     4.3561e-01     1.0000e-03
 290     4.4078e-01     1.0000e-03
 289     4.4611e-01     1.0000e-03
 288     4.5158e-01     1.0000e-03
 287     4.5664e-01     1.0000e-03
 286     4.6181e-01     1.0000e-03
 285     4.6680e-01     1.0000e-03
 284     4.7173e-01     1.0000e-03
 283     4.7686e-01     1.0000e-03
 282     4.8190e-01     1.0000e-03
 281     4.8708e-01     1.0000e-03
 280     4.9205e-01     1.0000e-03
 279     4.9720e-01     1.0000e-03
 278     5.0216e-01     1.0000e-03
 277     5.0731e-01     1.0000e-03
 276     5.1236e-01     1.0000e-03
 275     5.1753e-01     1.0000e-03
 274     5.2253e-01     1.0000e-03
 273     5.2768e-01     1.0000e-03
 272     5.3260e-01     1.0000e-03
 271     5.3774e-01     1.0000e-03
 270     5.4283e-01     1.0000e-03
 269     5.4770e-01     1.0000e-03
 268     5.5296e-01     1.0000e-03
 267     5.5784e-01     1.0000e-03
 266     5.6302e-01     1.0000e-03
 265     5.6814e-01     1.0000e-03
 264     5.7327e-01     1.0000e-03
 263     5.7814e-01     1.0000e-03
 262     5.8337e-01     1.0000e-03
 261     5.8830e-01     1.0000e-03
 260     5.9320e-01     1.0000e-03
 259     5.9821e-01     1.0000e-03
 258     6.0324e-01     1.0000e-03
 257     6.0820e-01     1.0000e-03
 256     6.1343e-01     1.0000e-03
 255     6.1847e-01     1.0000e-03
 254     6.2350e-01     1.0000e-03
 253     6.2849e-01     1.0000e-03
 252     6.3377e-01     1.0000e-03
 251     6.3870e-01     1.0000e-03
 250     6.4375e-01     1.0000e-03
 249     6.4854e-01     1.0000e-03
 248     6.5366e-01     1.0000e-03
 247     6.5870e-01     1.0000e-03
 246     6.6402e-01     1.0000e-03
 245     6.6942e-01     1.0000e-03
 244     6.7436e-01     1.0000e-03
 243     6.7922e-01     1.0000e-03
 242     6.8451e-01     1.0000e-03
 241     6.8961e-01     1.0000e-03
 240     6.9480e-01     1.0000e-03
 239     7.0001e-01     1.0000e-03
 238     7.0479e-01     1.0000e-03
 237     7.0964e-01     1.0000e-03
 236     7.1478e-01     1.0000e-03
 235     7.1982e-01     1.0000e-03
 234     7.2504e-01     1.0000e-03
 233     7.3007e-01     1.0000e-03
 232     7.3512e-01     1.0000e-03
 231     7.4005e-01     1.0000e-03
 230     7.4509e-01     1.0000e-03
 229     7.5008e-01     1.0000e-03
 228     7.5517e-01     1.0000e-03
 227     7.6066e-01     1.0000e-03
 226     7.6557e-01     1.0000e-03
 225     7.7019e-01     1.0000e-03
 224     7.7525e-01     1.0000e-03
 223     7.8000e-01     1.0000e-03
 222     7.8494e-01     1.0000e-03
 221     7.8966e-01     1.0000e-03
 220     7.9461e-01     1.0000e-03
 219     7.9987e-01     1.0000e-03
 218     8.0455e-01     1.0000e-03
 217     8.0966e-01     1.0000e-03
 216     8.1485e-01     1.0000e-03
 215     8.1993e-01     1.0000e-03
 214     8.2509e-01     1.0000e-03
 213     8.3025e-01     1.0000e-03
 212     8.3526e-01     1.0000e-03
 211     8.4013e-01     1.0000e-03
 210     8.4526e-01     1.0000e-03
 209     8.5016e-01     1.0000e-03
 208     8.5525e-01     1.0000e-03
 207     8.5999e-01     1.0000e-03
 206     8.6493e-01     1.0000e-03
 205     8.6988e-01     1.0000e-03
 204     8.7500e-01     1.0000e-03
 203     8.7978e-01     1.0000e-03
 202     8.8494e-01     1.0000e-03
 201     8.8973e-01     1.0000e-03
 200     8.9452e-01     1.0000e-03
 199     8.9930e-01     1.0000e-03
 198     9.0427e-01     1.0000e-03
 197     9.0921e-01     1.0000e-03
 196     9.1405e-01     1.0000e-03
 195     9.1876e-01     1.0000e-03
 194     9.2361e-01     1.0000e-03
 193     9.2846e-01     1.0000e-03
 192     9.3327e-01     1.0000e-03
 191     9.3810e-01     1.0000e-03
 190     9.4300e-01     1.0000e-03
 189     9.4768e-01     1.0000e-03
 188     9.5243e-01     1.0000e-03
 187     9.5682e-01     1.0000e-03
 186     9.6130e-01     1.0000e-03
 185     9.6542e-01     1.0000e-03
 184     9.6938e-01     1.0000e-03
 183     9.7288e-01     1.0000e-03
 182     9.7605e-01     1.0000e-03
 181     9.7902e-01     1.0000e-03
 180     9.8159e-01     1.0000e-03
 179     9.8365e-01     1.0000e-03
 178     9.8590e-01     1.0000e-03
 177     9.8768e-01     1.0000e-03
 176     9.8930e-01     1.0000e-03
 175     9.9080e-01     1.0000e-03
 174     9.9235e-01     1.0000e-03
 173     9.9360e-01     1.0000e-03
 172     9.9461e-01     1.0000e-03
 171     9.9558e-01     1.0000e-03
 170     9.9639e-01     1.0000e-03
 169     9.9701e-01     1.0000e-03
 168     9.9752e-01     1.0000e-03
 167     9.9798e-01     1.0000e-03
 166     9.9838e-01     1.0000e-03
 165     9.9865e-01     1.0000e-03
 164     9.9885e-01     1.0000e-03
 163     9.9902e-01     1.0000e-03
 162     9.9916e-01     1.0000e-03
 161     9.9929e-01     1.0000e-03
 160     9.9941e-01     1.0000e-03
 159     9.9949e-01     1.0000e-03
 158     9.9960e-01     1.0000e-03
 157     9.9976e-01     1.0000e-03
 156     9.9988e-01     1.0000e-03
 155     1.0000e+00     1.0000e-03
